2.340958356857e-01
3.317497253418e-01
4.314354419708e-01
5.311200618744e-01
6.308147907257e-01
7.304849147797e-01
8.301544189453e-01
9.298652648926e-01
1.029551148415e+00
1.1292552948e+00
1.22893846035e+00
1.328629612923e+00
1.428323984146e+00
1.528008937836e+00
1.627706050873e+00
1.727393746376e+00
1.827116966248e+00
1.926723361015e+00
2.026458740234e+00
2.126139879227e+00
2.225819587708e+00
2.325562000275e+00
2.425215959549e+00
2.523895025253e+00
2.623589277267e+00
2.723278045654e+00
2.82296538353e+00
2.922606468201e+00
3.023298501968e+00
3.122970342636e+00
3.222715854645e+00
3.322377681732e+00
3.422050476074e+00
3.521739959717e+00
3.621458053589e+00
3.721144914627e+00
3.820821762085e+00
3.920496225357e+00
4.020211219788e+00
4.119889736176e+00
4.219572067261e+00
4.319386482239e+00
4.419681072235e+00
4.51868057251e+00
4.618374347687e+00
4.718057155609e+00
4.817740917206e+00
4.917393684387e+00
5.017138004303e+00
5.116788864136e+00
5.216467857361e+00
5.316264152527e+00
5.41583442688e+00
5.515517711639e+00
5.615196228027e+00
5.71489572525e+00
5.814609527588e+00
5.91428232193e+00
6.014033794403e+00
6.113712310791e+00
6.213382720947e+00
6.31309223175e+00
6.412761688232e+00
6.512423038483e+00
6.612141609192e+00
6.711883068085e+00
6.811528682709e+00
6.911200046539e+00
7.010898113251e+00
7.110597133636e+00
7.21027469635e+00
7.309959888458e+00
7.409658432007e+00
7.50936126709e+00
7.609046459198e+00
7.708773612976e+00
7.808456897736e+00
7.908128738403e+00
8.007839202881e+00
8.107549667358e+00
8.207181930542e+00
8.30687046051e+00
8.406598091125e+00
8.506297111511e+00
8.606039047241e+00
8.705665588379e+00
8.805315971375e+00
8.905010223389e+00
9.004730224609e+00
9.104402542114e+00
9.204084396362e+00
9.303822517395e+00
9.403471946716e+00
9.503225326538e+00
9.602890014648e+00
9.702567100525e+00
9.802248954773e+00
9.901930809021e+00
1.000158405304e+01
1.010132217407e+01
1.020100975037e+01
1.03007106781e+01
1.040040969849e+01
1.05000743866e+01
1.059984588623e+01
1.069948482513e+01
1.079918384552e+01
1.089886569977e+01
1.09985704422e+01
1.109825229645e+01
1.11979227066e+01
1.129764556885e+01
1.139735412598e+01
1.149705696106e+01
1.159674930573e+01
1.169646644592e+01
1.179614543915e+01
1.189583587646e+01
1.199553394318e+01
1.209523868561e+01
1.219491672516e+01
1.229459857941e+01
1.239429283142e+01
1.24939956665e+01
1.259369087219e+01
1.269338130951e+01
1.279315280914e+01
1.289278030396e+01
1.299248123169e+01
1.309220695496e+01
1.319184207916e+01
1.329153347015e+01
1.339127445221e+01
1.349094486237e+01
1.359076213837e+01
1.369030475616e+01
1.379001140594e+01
1.388977050781e+01
1.398948001862e+01
1.408912467957e+01
1.418879127502e+01
1.428851985931e+01
1.438819503784e+01
1.448787689209e+01
1.458756732941e+01
1.468727302551e+01
1.478699684143e+01
1.488668441772e+01
1.498640537262e+01
1.508608055115e+01
1.518577194214e+01
1.528548240662e+01
1.538517093658e+01
1.548487663269e+01
1.558456611633e+01
1.568429279327e+01
1.578394031525e+01
1.588364124298e+01
1.598334026337e+01
1.608306312561e+01
1.618273162842e+01
1.628242492676e+01
1.638210868835e+01
1.648187065125e+01
1.658159637451e+01
1.668133354187e+01
1.678091812134e+01
1.688068771362e+01
1.698036956787e+01
1.708009719849e+01
1.717971611023e+01
1.727941703796e+01
1.737912559509e+01
1.747883796692e+01
1.757857894897e+01
1.76782169342e+01
1.777796936035e+01
1.787933921814e+01
1.797911834717e+01
1.807879257202e+01
1.817845535278e+01
1.827833366394e+01
1.837793159485e+01
1.847764778137e+01
1.857728004456e+01
1.867698287964e+01
1.87765007019e+01
1.887624931335e+01
1.897588729858e+01
1.907559394836e+01
1.917550849915e+01
1.927499008179e+01
1.937494850159e+01
1.947439575195e+01
1.95744972229e+01
1.967401885986e+01
1.977372741699e+01
1.987338256836e+01
1.997311782837e+01
2.007260513306e+01
2.017252731323e+01
2.027219772339e+01
2.03717212677e+01
2.047177696228e+01
2.057136917114e+01
2.067101478577e+01
2.07706413269e+01
2.08703327179e+01
2.097002792358e+01
2.106972122192e+01
2.116939544678e+01
2.126917266846e+01
2.136862945557e+01
2.146842956543e+01
2.156824302673e+01
2.1667760849e+01
2.176618003845e+01
2.186451911926e+01
2.196425056458e+01
2.206432342529e+01
2.216370391846e+01
2.22633266449e+01
2.236318016052e+01
2.246281814575e+01
2.256240081787e+01
2.266225814819e+01
2.276180648804e+01
2.286157035828e+01
2.296124649048e+01
2.306211853027e+01
2.316071891785e+01
2.326037216187e+01
2.33600730896e+01
2.345970726013e+01
2.355943870544e+01
2.365915107727e+01
2.37587928772e+01
2.385851097107e+01
2.395821762085e+01
2.405795860291e+01
2.415759086609e+01
2.425732040405e+01
2.435700416565e+01
2.445669174194e+01
2.455756568909e+01
2.465722846985e+01
2.475691604614e+01
2.485558319092e+01
2.495512390137e+01
2.505487251282e+01
2.515456390381e+01
2.525431632996e+01
2.535389137268e+01
2.545368385315e+01
2.555330276489e+01
2.565299606323e+01
2.575274848938e+01
2.585353660583e+01
2.595221328735e+01
2.605302429199e+01
2.615267372131e+01
2.625128555298e+01
2.635091018677e+01
2.645167541504e+01
2.655123519897e+01
2.665003013611e+01
2.674960327148e+01
2.684943580627e+01
2.694909286499e+01
2.704874038696e+01
2.714849472046e+01
2.724820327759e+01
2.734790611267e+01
2.744754219055e+01
2.75472278595e+01
2.764692878723e+01
2.774657821655e+01
2.784628105164e+01
2.794599342346e+01
2.804568862915e+01
2.814654350281e+01
2.824620056152e+01
2.834590530396e+01
2.844550132751e+01
2.854523086548e+01
2.864493370056e+01
2.874463653564e+01
2.884434700012e+01
2.894405555725e+01
2.904368591309e+01
2.914337539673e+01
2.924317359924e+01
2.934285354614e+01
2.944242858887e+01
2.954219055176e+01
2.964194297791e+01
2.974160385132e+01
2.984121513367e+01
2.994098854065e+01
3.004067230225e+01
3.014031982422e+01
3.024003410339e+01
3.033971214294e+01
3.043943977356e+01
3.053910064697e+01
3.063888549805e+01
3.073852157593e+01
3.083816337585e+01
3.093789482117e+01
3.103758049011e+01
3.113731193542e+01
3.123694801331e+01
3.133671951294e+01
3.143642997742e+01
3.153608131409e+01
3.163585090637e+01
3.173551177979e+01
3.183402252197e+01
3.193375778198e+01
3.203342437744e+01
3.213304519653e+01
3.223279953003e+01
3.233248519897e+01
3.243211746216e+01
3.253190231323e+01
3.263156509399e+01
3.273124694824e+01
3.283092880249e+01
3.293062591553e+01
3.30302772522e+01
3.313003921509e+01
3.322969436646e+01
3.332939529419e+01
3.342908096313e+01
3.352877044678e+01
3.362883377075e+01
3.372816848755e+01
3.382785797119e+01
3.39275894165e+01
3.402823638916e+01
3.412794113159e+01
3.422766494751e+01
3.432732772827e+01
3.442702865601e+01
3.452667236328e+01
3.462635040283e+01
3.472603225708e+01
3.482569503784e+01
3.492544937134e+01
3.502513885498e+01
3.512481689453e+01
3.522455215454e+01
3.532418060303e+01
3.542385101318e+01
3.552352905273e+01
3.562321090698e+01
3.572288131714e+01
3.582253265381e+01
3.592127990723e+01
3.602095413208e+01
3.612063598633e+01
3.622029876709e+01
3.632011795044e+01
3.641966247559e+01
3.651934814453e+01
3.661909484863e+01
3.671868896484e+01
3.681838989258e+01
3.691809844971e+01
3.701780319214e+01
3.71174659729e+01
3.721715545654e+01
3.731680297852e+01
3.741645050049e+01
3.751626205444e+01
3.761700057983e+01
3.771676635742e+01
3.781634140015e+01
3.791604232788e+01
3.801578140259e+01
3.811548995972e+01
3.821515274048e+01
3.831482315063e+01
3.841459274292e+01
3.851426696777e+01
3.861394882202e+01
3.871370315552e+01
3.881335830688e+01
3.891297149658e+01
3.901265335083e+01
3.911246490479e+01
3.921206283569e+01
3.93118019104e+01
3.941146087646e+01
3.951113891602e+01
3.960966110229e+01
3.971035385132e+01
3.981001281738e+01
3.990970993042e+01
4.000945281982e+01
4.010908889771e+01
4.020788192749e+01
4.030866241455e+01
4.040836715698e+01
4.050684356689e+01
4.060762405396e+01
4.070718002319e+01
4.080591583252e+01
4.090682220459e+01
4.10065536499e+01
4.110620498657e+01
4.120590209961e+01
4.130558776855e+01
4.140522384644e+01
4.150493621826e+01
4.160345077515e+01
4.170410919189e+01
4.180384063721e+01
4.190376281738e+01
4.200235748291e+01
4.210305404663e+01
4.220278549194e+01
4.230239868164e+01
4.240221405029e+01
4.250170135498e+01
4.260144042969e+01
4.270121383667e+01
4.280078887939e+01
4.290047836304e+01
4.300025177002e+01
4.309991073608e+01
4.319961166382e+01
4.329933547974e+01
4.339895248413e+01
4.350004959106e+01
4.359978103638e+01
4.369952774048e+01
4.379781341553e+01
4.389861679077e+01
4.399829483032e+01
4.409798431396e+01
4.41976776123e+01
4.429753112793e+01
4.439706039429e+01
4.449675369263e+01
4.459668731689e+01
4.469618225098e+01
4.479581451416e+01
4.48955039978e+01
4.49953918457e+01
4.50948638916e+01
4.519456100464e+01
4.529425811768e+01
4.539394760132e+01
4.549241256714e+01
4.559226608276e+01
4.569314956665e+01
4.57928314209e+01
4.58909072876e+01
4.599052047729e+01
4.609041976929e+01
4.619009399414e+01
4.628980636597e+01
4.638956069946e+01
4.648916625977e+01
4.658883666992e+01
4.66886100769e+01
4.678831481934e+01
4.688793182373e+01
4.698768615723e+01
4.708739471436e+01
4.718704986572e+01
4.728675842285e+01
4.738641738892e+01
4.74860496521e+01
4.758586883545e+01
4.768553161621e+01
4.778391265869e+01
4.788473129272e+01
4.798338317871e+01
4.808310699463e+01
4.818398284912e+01
4.828248214722e+01
4.838216400146e+01
4.848184204102e+01
4.858249664307e+01
4.868114852905e+01
4.878089523315e+01
4.888060760498e+01
4.898139572144e+01
4.908106231689e+01
4.918069839478e+01
4.928046035767e+01
4.938011550903e+01
4.947863769531e+01
4.957972717285e+01
4.967908859253e+01
4.977769470215e+01
4.987740707397e+01
4.99782371521e+01
5.007794189453e+01
5.017763519287e+01
5.027728271484e+01
5.037707138062e+01
5.047665786743e+01
5.057634353638e+01
5.067603683472e+01
5.077570724487e+01
5.087540054321e+01
5.097511672974e+01
5.107475280762e+01
5.117448806763e+01
5.12741317749e+01
5.137385940552e+01
5.147354125977e+01
5.157320022583e+01
5.167291259766e+01
5.177258300781e+01
5.187235641479e+01
5.197202682495e+01
5.207162475586e+01
5.217130279541e+01
5.227098846436e+01
5.237075424194e+01
5.247043609619e+01
5.256997299194e+01
5.266975021362e+01
5.276936340332e+01
5.286905288696e+01
5.296873092651e+01
5.30685005188e+01
5.316811752319e+01
5.326784515381e+01
5.336771011353e+01
5.34661026001e+01
5.356678390503e+01
5.366644287109e+01
5.376612854004e+01
5.386580657959e+01
5.396546936035e+01
5.406512832642e+01
5.416485214233e+01
5.42635383606e+01
5.436323165894e+01
5.446290969849e+01
5.456259918213e+01
5.466228485107e+01
5.476191329956e+01
5.486165237427e+01
5.496141052246e+01
5.506100845337e+01
5.516069030762e+01
5.526149368286e+01
5.53611907959e+01
5.546084976196e+01
5.556055450439e+01
5.566020584106e+01
5.575992965698e+01
5.585966873169e+01
5.595930480957e+01
5.605897140503e+01
5.615874481201e+01
5.625835418701e+01
5.635802841187e+01
5.64577331543e+01
5.655739974976e+01
5.665703582764e+01
5.675646972656e+01
5.685655975342e+01
5.695497512817e+01
5.705565643311e+01
5.715535736084e+01
5.72550201416e+01
5.735470581055e+01
5.745437240601e+01
5.755414962769e+01
5.765380096436e+01
5.775350570679e+01
5.785218048096e+01
5.795192337036e+01
5.805156326294e+01
5.815124511719e+01
5.825094604492e+01
5.835063171387e+01
5.845031738281e+01
5.855001449585e+01
5.86496925354e+01
5.874937820435e+01
5.884910964966e+01
5.894945907593e+01
5.90484161377e+01
5.914812088013e+01
5.924782562256e+01
5.934749603271e+01
5.944719696045e+01
5.954688644409e+01
5.964657211304e+01
5.974625778198e+01
5.984597015381e+01
5.994680786133e+01
6.004652023315e+01
6.014624786377e+01
6.02459564209e+01
6.034565353394e+01
6.044535064697e+01
6.054498291016e+01
6.064477920532e+01
6.074437713623e+01
6.084286880493e+01
6.094352722168e+01
6.104224777222e+01
6.11421661377e+01
6.124164581299e+01
6.134135055542e+01
6.14409828186e+01
6.154071807861e+01
6.164045715332e+01
6.174013519287e+01
6.183975982666e+01
6.193955993652e+01
6.203918075562e+01
6.213890457153e+01
6.223860549927e+01
6.233825683594e+01
6.243799209595e+01
6.253771591187e+01
6.263739395142e+01
6.273711013794e+01
6.283804702759e+01
6.293655776978e+01
6.303629684448e+01
6.313594055176e+01
6.323669815063e+01
6.333539581299e+01
6.343505096436e+01
6.3535987854e+01
6.363565826416e+01
6.373523712158e+01
6.383500671387e+01
6.393479156494e+01
6.403442382812e+01
6.413415527344e+01
6.423387145996e+01
6.433354949951e+01
6.443328094482e+01
6.453294372559e+01
6.463271331787e+01
6.473232269287e+01
6.483209991455e+01
6.493176269531e+01
6.503148651123e+01
6.513114929199e+01
6.523094940186e+01
6.533058929443e+01
6.543022918701e+01
6.553003692627e+01
6.562961578369e+01
6.572930145264e+01
6.582905578613e+01
6.592778778076e+01
6.602850341797e+01
6.61290435791e+01
6.622783660889e+01
6.632747650146e+01
6.642714691162e+01
6.652728271484e+01
6.6627784729e+01
6.672764587402e+01
6.68258895874e+01
6.692682647705e+01
6.702657318115e+01
6.712641143799e+01
6.722589874268e+01
6.732557678223e+01
6.742542266846e+01
6.75249710083e+01
6.762491607666e+01
6.772430419922e+01
6.782403564453e+01
6.792378234863e+01
6.802338409424e+01
6.812311553955e+01
6.822277069092e+01
6.832250976563e+01
6.842218780518e+01
6.852186584473e+01
6.862164306641e+01
6.87213973999e+01
6.882099151611e+01
6.892065429688e+01
6.902042388916e+01
6.912009429932e+01
6.921974182129e+01
6.931942749023e+01
6.941934967041e+01
6.951908874512e+01
6.961870574951e+01
6.97181930542e+01
6.981812286377e+01
6.991609191895e+01
7.001575469971e+01
7.011561584473e+01
7.02154083252e+01
7.031517791748e+01
7.041485595703e+01
7.051454925537e+01
7.061423492432e+01
7.071397399902e+01
7.081366729736e+01
7.091334533691e+01
7.101301574707e+01
7.111274719238e+01
7.121241760254e+01
7.131182861328e+01
7.141152191162e+01
7.151124572754e+01
7.161085510254e+01
7.171061706543e+01
7.18102645874e+01
7.190998840332e+01
7.200971221924e+01
7.210938262939e+01
7.220906829834e+01
7.230876159668e+01
7.240847015381e+01
7.25080871582e+01
7.26078414917e+01
7.270755767822e+01
7.280717468262e+01
7.290689849854e+01
7.300660705566e+01
7.310636901855e+01
7.320600128174e+01
7.330567932129e+01
7.340442657471e+01
7.350411987305e+01
7.360377502441e+01
7.370350646973e+01
7.380319976807e+01
7.39029006958e+01
7.400257873535e+01
7.410232543945e+01
7.420197296143e+01
7.430275726318e+01
7.440135192871e+01
7.450203704834e+01
7.46016998291e+01
7.470137023926e+01
7.480107116699e+01
7.489984893799e+01
7.499946594238e+01
7.509918212891e+01
7.519886779785e+01
7.5299659729e+01
7.5399269104e+01
7.549794769287e+01
7.559762573242e+01
7.569830322266e+01
7.579796600342e+01
7.589772033691e+01
7.599736022949e+01
7.609704589844e+01
7.619668579102e+01
7.629642486572e+01
7.639611816406e+01
7.649578094482e+01
7.659547424316e+01
7.669521331787e+01
7.679484558105e+01
7.689453125e+01
7.699421691895e+01
7.709413909912e+01
7.719370269775e+01
7.729329681396e+01
7.73929901123e+01
7.749272918701e+01
7.759239959717e+01
7.769211578369e+01
7.779186248779e+01
7.789150238037e+01
7.799114990234e+01
7.809086608887e+01
7.819055938721e+01
7.829024505615e+01
7.839001464844e+01
7.848972320557e+01
7.858946228027e+01
7.868902587891e+01
7.878883361816e+01
7.888842010498e+01
7.898810577393e+01
7.908783721924e+01
7.918751525879e+01
7.928720092773e+01
7.93868637085e+01
7.948663330078e+01
7.958629608154e+01
7.968600463867e+01
7.978577423096e+01
7.988542938232e+01
7.998512268066e+01
8.008480834961e+01
8.018449401855e+01
8.028423309326e+01
8.038390350342e+01
8.048361206055e+01
8.058330535889e+01
8.068296051025e+01
8.078267669678e+01
8.08823928833e+01
8.098207855225e+01
8.108180999756e+01
8.118145751953e+01
8.128120422363e+01
8.138096618652e+01
8.148053741455e+01
8.158023071289e+01
8.167994689941e+01
8.177961730957e+01
8.187930297852e+01
8.197899627686e+01
8.207874298096e+01
8.217838287354e+01
8.227807617187e+01
8.237777709961e+01
8.247759246826e+01
8.257718658447e+01
8.267686462402e+01
8.277656555176e+01
8.287626647949e+01
8.297598266602e+01
8.307571411133e+01
8.317539978027e+01
8.327514648438e+01
8.337474822998e+01
8.347450256348e+01
8.357421112061e+01
8.367389678955e+01
8.377354431152e+01
8.387329101562e+01
8.397292327881e+01
8.407265472412e+01
8.41722946167e+01
8.427207183838e+01
8.437174224854e+01
8.447145843506e+01
8.457108306885e+01
8.467077636719e+01
8.477059936523e+01
8.487021636963e+01
8.4969871521e+01
8.506959533691e+01
8.516928863525e+01
8.526902008057e+01
8.536867523193e+01
8.546835327148e+01
8.556806182861e+01
8.566781616211e+01
8.576741027832e+01
8.586711883545e+01
8.596678924561e+01
8.606657409668e+01
8.616622924805e+01
8.626593780518e+01
8.636569976807e+01
8.646530914307e+01
8.656500244141e+01
8.66647644043e+01
8.676428222656e+01
8.686415863037e+01
8.696398162842e+01
8.70637588501e+01
8.716338348389e+01
8.726303863525e+01
8.736280059814e+01
8.746248626709e+01
8.756213378906e+01
8.766189575195e+01
8.776156616211e+01
8.786128234863e+01
8.796112823486e+01
8.806072998047e+01
8.816034698486e+01
8.82600402832e+01
8.835974121094e+01
8.845948028564e+01
8.85591583252e+01
8.865882873535e+01
8.875852203369e+01
8.885821533203e+01
8.895794677734e+01
8.905765533447e+01
8.915732574463e+01
8.925704193115e+01
8.935674285889e+01
8.945640563965e+01
8.955613708496e+01
8.96558303833e+01
8.975549316406e+01
8.985520935059e+01
8.995498657227e+01
9.005471038818e+01
9.015551757812e+01
9.025519561768e+01
9.035497283936e+01
9.045463562012e+01
9.055432128906e+01
9.065428161621e+01
9.075373840332e+01
9.085339355469e+01
9.095307922363e+01
9.105278778076e+01
9.115253448486e+01
9.125220489502e+01
9.135188293457e+01
9.145153045654e+01
9.155124664307e+01
9.165090179443e+01
9.175086212158e+01
9.185029602051e+01
9.195001220703e+01
9.204970550537e+01
9.214939880371e+01
9.224909210205e+01
9.234883880615e+01
9.24485168457e+01
9.254824829102e+01
9.264785003662e+01
9.274759674072e+01
9.28475112915e+01
9.29474029541e+01
9.304677581787e+01
9.314650726318e+01
9.324626159668e+01
9.334568786621e+01
9.344541931152e+01
9.354509735107e+01
9.364477539063e+01
9.374449157715e+01
9.384413909912e+01
9.394232177734e+01
9.40419921875e+01
9.414184570312e+01
9.424172973633e+01
9.434127044678e+01
9.444083404541e+01
9.454048919678e+01
9.464024353027e+01
9.473889923096e+01
9.483860015869e+01
9.493836212158e+01
9.503916168213e+01
9.51388168335e+01
9.523852539062e+01
9.533700561523e+01
9.543672943115e+01
9.553649902344e+01
9.563613891602e+01
9.573586273193e+01
9.583560180664e+01
9.593541717529e+01
9.603494262695e+01
9.613471984863e+01
9.623434448242e+01
9.633409118652e+01
9.64337310791e+01
9.653342437744e+01
9.663316345215e+01
9.67328414917e+01
9.683254241943e+01
9.693221282959e+01
9.70319442749e+01
9.7131690979e+01
9.723139953613e+01
9.733238983154e+01
9.743201446533e+01
9.753182983398e+01
9.763143157959e+01
9.773119354248e+01
9.7830909729e+01
9.793057250977e+01
9.80302734375e+01
9.813001251221e+01
9.822966766357e+01
9.832933044434e+01
9.842910766602e+01
9.852877807617e+01
9.862845611572e+01
9.872812652588e+01
9.882779693604e+01
9.892749023437e+01
9.902725219727e+01
9.912696075439e+01
9.922662353516e+01
9.932630157471e+01
9.942604827881e+01
9.952577209473e+01
9.962543487549e+01
9.972515106201e+01
9.982485198975e+01
9.992461395264e+01
1.000229644775e+02
1.001226501465e+02
1.002222976685e+02
1.003219833374e+02
1.004216766357e+02
1.005224227905e+02
1.006221847534e+02
1.007217712402e+02
1.008214645386e+02
1.009211349487e+02
1.010208892822e+02
1.01120552063e+02
1.012202224731e+02
1.013199234009e+02
1.014196777344e+02
1.01519317627e+02
1.01618057251e+02
1.01719078064e+02
1.018174591064e+02
1.019171066284e+02
1.020168228149e+02
1.021164703369e+02
1.022171707153e+02
1.023169784546e+02
1.024166641235e+02
1.025163955688e+02
1.026160430908e+02
1.027158203125e+02
1.028154830933e+02
1.029151382446e+02
1.030148925781e+02
1.031146087646e+02
1.032141799927e+02
1.033138427734e+02
1.03413520813e+02
1.035132675171e+02
1.036129760742e+02
1.037126235962e+02
1.038124008179e+02
1.039120101929e+02
1.040118331909e+02
1.041115036011e+02
1.042111816406e+02
1.043109054565e+02
1.044105987549e+02
1.045103759766e+02
1.046100234985e+02
1.047097015381e+02
1.048093719482e+02
1.049091262817e+02
1.050088119507e+02
1.051084976196e+02
1.052080917358e+02
1.053078460693e+02
1.054075088501e+02
1.055072479248e+02
1.056069488525e+02
1.057066345215e+02
1.058063430786e+02
1.059059524536e+02
1.060056915283e+02
1.061053619385e+02
1.062050704956e+02
1.063047561646e+02
1.064043960571e+02
1.065041656494e+02
1.066037979126e+02
1.067035369873e+02
1.068031845093e+02
1.069029998779e+02
1.070026702881e+02
1.071022949219e+02
1.07202041626e+02
1.073017349243e+02
1.07401473999e+02
1.075010757446e+02
1.076008148193e+02
1.077005233765e+02
1.078002548218e+02
1.078998794556e+02
1.079995803833e+02
1.080993270874e+02
1.081989974976e+02
1.082986984253e+02
1.083983306885e+02
1.084980163574e+02
1.085977478027e+02
1.086974411011e+02
1.087971420288e+02
1.08896774292e+02
1.089966278076e+02
1.090962982178e+02
1.091959609985e+02
1.092957000732e+02
1.093953704834e+02
1.094950866699e+02
1.095946731567e+02
1.096944885254e+02
1.097940673828e+02
1.098938751221e+02
1.099934997559e+02
1.100932693481e+02
1.101929321289e+02
1.102926025391e+02
1.103923797607e+02
1.104920654297e+02
1.105917358398e+02
1.106914291382e+02
1.107911529541e+02
1.108908538818e+02
1.10990562439e+02
1.110902328491e+02
1.111899871826e+02
1.11289642334e+02
1.113893814087e+02
1.114890594482e+02
1.115887527466e+02
1.116884689331e+02
1.11788192749e+02
1.118878860474e+02
1.119875946045e+02
1.120872268677e+02
1.121869735718e+02
1.122866516113e+02
1.123863601685e+02
1.124859619141e+02
1.125857467651e+02
1.126854476929e+02
1.127850875854e+02
1.128847808838e+02
1.129845428467e+02
1.130841903687e+02
1.131839370728e+02
1.13283493042e+02
1.133833084106e+02
1.134829483032e+02
1.135825881958e+02
1.136823272705e+02
1.137820358276e+02
1.138818359375e+02
1.139815673828e+02
1.140812225342e+02
1.141819992065e+02
1.142817077637e+02
1.143816223145e+02
1.14481086731e+02
1.145810012817e+02
1.146806259155e+02
1.147804641724e+02
1.148788604736e+02
1.149783782959e+02
1.150781402588e+02
1.15177772522e+02
1.152774429321e+02
1.153771514893e+02
1.154769668579e+02
1.155766143799e+02
1.156763153076e+02
1.157760162354e+02
1.158757858276e+02
1.159754104614e+02
1.160750198364e+02
1.161747436523e+02
1.162744598389e+02
1.163740692139e+02
1.16474395752e+02
1.165735549927e+02
1.166733093262e+02
1.167728729248e+02
1.168726806641e+02
1.169724502563e+02
1.170720443726e+02
1.171717910767e+02
1.172714157104e+02
1.173711547852e+02
1.174707946777e+02
1.175705490112e+02
1.176701431274e+02
1.177699584961e+02
1.178696060181e+02
1.179680023193e+02
1.180677261353e+02
1.1816746521e+02
1.182670593262e+02
1.183668823242e+02
1.18466545105e+02
1.1856640625e+02
1.186662216187e+02
1.187658462524e+02
1.188653717041e+02
1.189651412964e+02
1.190647659302e+02
1.191644821167e+02
1.192642059326e+02
1.193638381958e+02
1.194635391235e+02
1.195632324219e+02
1.196629486084e+02
1.197626495361e+02
1.198623352051e+02
1.199619674683e+02
1.200626983643e+02
1.201614151001e+02
1.20261100769e+02
1.20360824585e+02
1.204604873657e+02
1.205601806641e+02
1.206598739624e+02
1.207595748901e+02
1.208592605591e+02
1.209589538574e+02
1.21058631897e+02
1.211583251953e+02
1.21258026123e+02
1.213578109741e+02
1.214574432373e+02
1.215571060181e+02
1.216581268311e+02
1.217578811646e+02
1.218574447632e+02
1.219571456909e+02
1.220568771362e+02
1.22156539917e+02
1.222562255859e+02
1.223559265137e+02
1.224557113647e+02
1.225553817749e+02
1.226550674438e+02
1.227547988892e+02
1.228544616699e+02
1.229541397095e+02
1.230538864136e+02
1.231535644531e+02
1.232533111572e+02
1.23352973938e+02
1.234527282715e+02
1.23552406311e+02
1.236520690918e+02
1.237517852783e+02
1.238514938354e+02
1.239512023926e+02
1.240509262085e+02
1.241506347656e+02
1.242503204346e+02
1.243500671387e+02
1.244497528076e+02
1.24549446106e+02
1.246491317749e+02
1.247489242554e+02
1.248485336304e+02
1.249482498169e+02
1.250479431152e+02
1.251477050781e+02
1.252473831177e+02
1.253470611572e+02
1.254468002319e+02
1.255464782715e+02
1.25646156311e+02
1.257459259033e+02
1.258456497192e+02
1.259453201294e+02
1.260450134277e+02
1.261447296143e+02
1.262444381714e+02
1.263441162109e+02
1.264439086914e+02
1.265435333252e+02
1.266432189941e+02
1.267428970337e+02
1.268426437378e+02
1.269423370361e+02
1.270419845581e+02
1.271417007446e+02
1.272414093018e+02
1.273411026001e+02
1.274408187866e+02
1.275404968262e+02
1.276401977539e+02
1.277399597168e+02
1.27839553833e+02
1.279379959106e+02
1.280376586914e+02
1.281373596191e+02
1.282370758057e+02
1.283367614746e+02
1.284364471436e+02
1.285361480713e+02
1.28635848999e+02
1.287355957031e+02
1.288352508545e+02
1.28935256958e+02
1.290346374512e+02
1.291343231201e+02
1.292340087891e+02
1.293349761963e+02
1.294346618652e+02
1.295343322754e+02
1.296340026855e+02
1.297337646484e+02
1.298334197998e+02
1.299331359863e+02
1.300327758789e+02
1.301324615479e+02
1.302321624756e+02
1.303318634033e+02
1.304315185547e+02
1.305312347412e+02
1.306309509277e+02
1.307306060791e+02
1.308291931152e+02
1.309289245605e+02
1.310299682617e+02
1.311295776367e+02
1.312293395996e+02
1.313289642334e+02
1.314286956787e+02
1.315282897949e+02
1.316280670166e+02
1.317277984619e+02
1.318274230957e+02
1.319271240234e+02
1.320255889893e+02
1.321251373291e+02
1.322247772217e+02
1.323246612549e+02
1.324243011475e+02
1.325239868164e+02
1.326236724854e+02
1.327232666016e+02
1.328230743408e+02
1.329227752686e+02
1.330224304199e+02
1.331220855713e+02
1.33221786499e+02
1.333214111328e+02
1.334225616455e+02
1.335208740234e+02
1.336206207275e+02
1.337203369141e+02
1.33820022583e+02
1.339209747314e+02
1.340205993652e+02
1.341202392578e+02
1.342199707031e+02
1.343196716309e+02
1.344194030762e+02
1.345191345215e+02
1.346188049316e+02
1.347185516357e+02
1.348182220459e+02
1.349178619385e+02
1.350175476074e+02
1.351172637939e+02
1.35217010498e+02
1.353153686523e+02
1.354149932861e+02
1.355146942139e+02
1.356145019531e+02
1.357141571045e+02
1.358138275146e+02
1.359149017334e+02
1.360145568848e+02
1.361142120361e+02
1.362139282227e+02
1.363136138916e+02
1.364132843018e+02
1.365129547119e+02
1.366126556396e+02
1.367123413086e+02
1.36810760498e+02
1.369105377197e+02
1.370101928711e+02
1.37109954834e+02
1.372096710205e+02
1.373092651367e+02
1.37408996582e+02
1.375086975098e+02
1.376083831787e+02
1.377081604004e+02
1.378088378906e+02
1.379077453613e+02
1.380084991455e+02
1.381081695557e+02
1.38208984375e+02
1.383086853027e+02
1.384084777832e+02
1.385080871582e+02
1.386078033447e+02
1.38706161499e+02
1.38805847168e+02
1.389057617187e+02
1.39005279541e+02
1.391049804687e+02
1.392046966553e+02
1.393043212891e+02
1.39404006958e+02
1.39503692627e+02
1.396033782959e+02
1.397030639648e+02
1.39802734375e+02
1.399024353027e+02
1.400035705566e+02
1.401035308838e+02
1.402027435303e+02
1.403024291992e+02
1.404021453857e+02
1.405018157959e+02
1.406016845703e+02
1.407011566162e+02
1.40801071167e+02
1.409007720947e+02
1.410004272461e+02
1.410988769531e+02
1.411985626221e+02
1.412981719971e+02
1.413977813721e+02
1.414976043701e+02
1.415973205566e+02
1.416970062256e+02
1.417964630127e+02
1.418961486816e+02
1.419946136475e+02
1.420943450928e+02
1.421940307617e+02
1.422937774658e+02
1.423934631348e+02
1.424941558838e+02
1.425938720703e+02
1.426935577393e+02
1.427932128906e+02
1.428929443359e+02
1.429927062988e+02
1.430923461914e+02
1.43191986084e+02
1.432917633057e+02
1.433913879395e+02
1.43491104126e+02
1.435907745361e+02
1.436905212402e+02
1.437901611328e+02
1.438898468018e+02
1.439895629883e+02
1.440892486572e+02
1.441879425049e+02
1.442876434326e+02
1.443884887695e+02
1.444881591797e+02
1.445879058838e+02
1.446875915527e+02
1.447873077393e+02
1.44887008667e+02
1.449866943359e+02
1.450863647461e+02
1.451860656738e+02
1.452857513428e+02
1.453842773437e+02
1.454839324951e+02
1.455836029053e+02
1.45683380127e+02
1.457830352783e+02
1.458827514648e+02
1.459824371338e+02
1.460822143555e+02
1.461818237305e+02
1.462815246582e+02
1.463812255859e+02
1.464809265137e+02
1.465807037354e+02
1.466803283691e+02
1.467800292969e+02
1.468797149658e+02
1.469794158936e+02
1.470791168213e+02
1.471788024902e+02
1.472785186768e+02
1.473784484863e+02
1.474779052734e+02
1.475776367187e+02
1.476775970459e+02
1.477770080566e+02
1.47876739502e+02
1.479764251709e+02
1.480761108398e+02
1.481757507324e+02
1.482754058838e+02
1.483751678467e+02
1.484747924805e+02
1.485744781494e+02
1.486742095947e+02
1.487738952637e+02
1.488736419678e+02
1.489733276367e+02
1.4907421875e+02
1.491739044189e+02
1.492724304199e+02
1.493721466064e+02
1.494728088379e+02
1.495723419189e+02
1.496721496582e+02
1.497717590332e+02
1.498715515137e+02
1.49971206665e+02
1.500709381104e+02
1.501706542969e+02
1.502702789307e+02
1.503699951172e+02
1.50469619751e+02
1.505693511963e+02
1.506690979004e+02
1.507687683105e+02
1.508685760498e+02
1.5096824646e+02
1.510677947998e+02
1.511676330566e+02
1.512671356201e+02
1.513669128418e+02
1.514665985107e+02
1.515662994385e+02
1.51666015625e+02
1.517655944824e+02
1.518654022217e+02
1.519651031494e+02
1.520648956299e+02
1.521645202637e+02
1.522642059326e+02
1.523639068604e+02
1.524636077881e+02
1.525632629395e+02
1.526629486084e+02
1.527630004883e+02
1.528623352051e+02
1.529619903564e+02
1.530616760254e+02
1.531614227295e+02
1.532610778809e+02
1.533607940674e+02
1.534604492187e+02
1.535592498779e+02
1.536589050293e+02
1.537586364746e+02
1.538583526611e+02
1.539579620361e+02
1.540576629639e+02
1.54157333374e+02
1.542571563721e+02
1.543567657471e+02
1.544564056396e+02
1.545560913086e+02
1.546557769775e+02
1.547554473877e+02
1.548551177979e+02
1.549548339844e+02
1.55054473877e+02
1.551542205811e+02
1.552540130615e+02
1.553550109863e+02
1.55453338623e+02
1.555532073975e+02
1.556527252197e+02
1.557523651123e+02
1.558521575928e+02
1.559517974854e+02
1.560514678955e+02
1.561512756348e+02
1.562508544922e+02
1.563505706787e+02
1.56450302124e+02
1.565500183105e+02
1.566497955322e+02
1.5674949646e+02
1.568491973877e+02
1.569489746094e+02
1.570486297607e+02
1.571482086182e+02
1.572479705811e+02
1.5734765625e+02
1.574473876953e+02
1.575472259521e+02
1.576467285156e+02
1.577465057373e+02
1.578461761475e+02
1.579459991455e+02
1.580456542969e+02
1.581452941895e+02
1.582450408936e+02
1.58344909668e+02
1.584445953369e+02
1.585441741943e+02
1.586440124512e+02
1.587434997559e+02
1.588432922363e+02
1.589429779053e+02
1.590426940918e+02
1.591424713135e+02
1.592421417236e+02
1.593418731689e+02
1.594414367676e+02
1.595411987305e+02
1.596408996582e+02
1.597405700684e+02
1.598402557373e+02
1.599399414063e+02
1.600395507813e+02
1.601407012939e+02
1.602404174805e+02
1.603400726318e+02
1.604398193359e+02
1.6053956604e+02
1.606391601562e+02
1.607388916016e+02
1.608386230469e+02
1.60938293457e+02
1.610367736816e+02
1.611363525391e+02
1.612360534668e+02
1.613358001709e+02
1.614354705811e+02
1.615351867676e+02
1.616349029541e+02
1.617346038818e+02
1.618353271484e+02
1.619352416992e+02
1.620349731445e+02
1.621345977783e+02
1.622353820801e+02
1.623353271484e+02
1.62434967041e+02
1.625345001221e+02
1.626343994141e+02
1.627339172363e+02
1.628338012695e+02
1.629333496094e+02
1.630332489014e+02
1.631327209473e+02
1.632324066162e+02
1.633321075439e+02
1.634318084717e+02
1.635319824219e+02
1.636312561035e+02
1.63731048584e+02
1.638308563232e+02
1.639305725098e+02
1.640300292969e+02
1.641300201416e+02
1.642294616699e+02
1.643291931152e+02
1.644288024902e+02
1.645286254883e+02
1.646283569336e+02
1.647280273438e+02
1.6482762146e+02
1.649273986816e+02
1.650272064209e+02
1.651266174316e+02
1.652265472412e+02
1.653262023926e+02
1.654258880615e+02
1.655255737305e+02
1.65625289917e+02
1.657248840332e+02
1.658244934082e+02
1.659244232178e+02
1.660223388672e+02
1.661222381592e+02
1.662220001221e+02
1.663217163086e+02
1.664213867187e+02
1.66521194458e+02
1.666207580566e+02
1.667204437256e+02
1.668202209473e+02
1.669199676514e+02
1.670196075439e+02
1.671191864014e+02
1.672189178467e+02
1.67318649292e+02
1.674183349609e+02
1.675179748535e+02
1.6761769104e+02
1.677173614502e+02
1.678171386719e+02
1.679167633057e+02
1.680164794922e+02
1.681160736084e+02
1.682158050537e+02
1.683155212402e+02
1.684152526855e+02
1.685149993896e+02
1.686146392822e+02
1.687142486572e+02
1.688140106201e+02
1.689136962891e+02
1.690133972168e+02
1.691130981445e+02
1.692127685547e+02
1.693124389648e+02
1.694121398926e+02
1.695118103027e+02
1.696115264893e+02
1.697111816406e+02
1.698109588623e+02
1.699106292725e+02
1.700103302002e+02
1.701089324951e+02
1.70208694458e+02
1.703083648682e+02
1.704080352783e+02
1.705077667236e+02
1.706075134277e+02
1.707071075439e+02
1.708068389893e+02
1.709065093994e+02
1.710063171387e+02
1.711069030762e+02
1.712066040039e+02
1.713053436279e+02
1.714050140381e+02
1.715060882568e+02
1.716057434082e+02
1.717055053711e+02
1.718038635254e+02
1.719034576416e+02
1.720032348633e+02
1.721039123535e+02
1.722036132813e+02
1.72303314209e+02
1.724030151367e+02
1.725017242432e+02
1.726014099121e+02
1.727010803223e+02
1.7280078125e+02
1.729005737305e+02
1.730015716553e+02
1.73099899292e+02
1.731997070313e+02
1.732993011475e+02
1.73399017334e+02
1.734987030029e+02
1.735984191895e+02
1.736990814209e+02
1.737978057861e+02
1.738975067139e+02
1.73997177124e+02
1.740968475342e+02
1.741965484619e+02
1.74296295166e+02
1.74395904541e+02
1.7449559021e+02
1.745953063965e+02
1.746949157715e+02
1.747946472168e+02
1.748943328857e+02
1.749940185547e+02
1.750936889648e+02
1.751936340332e+02
1.752931060791e+02
1.753927764893e+02
1.754925689697e+02
1.755921783447e+02
1.756918487549e+02
1.757915344238e+02
1.758912200928e+02
1.759909057617e+02
1.760920410156e+02
1.761917114258e+02
1.762913513184e+02
1.763910675049e+02
1.76490737915e+02
1.765904846191e+02
1.766901397705e+02
1.767884979248e+02
1.768881988525e+02
1.769878540039e+02
1.77087600708e+02
1.77187286377e+02
1.77287109375e+02
1.773866577148e+02
1.774864349365e+02
1.775861206055e+02
1.776857299805e+02
1.777853851318e+02
1.77886428833e+02
1.779861755371e+02
1.780858917236e+02
1.781855773926e+02
1.782852783203e+02
1.783849334717e+02
1.784846191406e+02
1.785843811035e+02
1.786840209961e+02
1.787837524414e+02
1.788820343018e+02
1.789817199707e+02
1.790814056396e+02
1.791811218262e+02
1.792810516357e+02
1.793804931641e+02
1.794802093506e+02
1.795800018311e+02
1.796796112061e+02
1.797792358398e+02
1.798790283203e+02
1.799785919189e+02
1.800782928467e+02
1.801780090332e+02
1.802776947021e+02
1.803775634766e+02
1.804770812988e+02
1.805768585205e+02
1.806764373779e+02
1.807761535645e+02
1.808758239746e+02
1.809769744873e+02
1.810766143799e+02
1.811749420166e+02
1.812746276855e+02
1.813742828369e+02
1.814753723145e+02
1.815737304688e+02
1.816733856201e+02
1.817740631104e+02
1.818737792969e+02
1.819734802246e+02
1.82073135376e+02
1.82172958374e+02
1.822725524902e+02
1.823722229004e+02
1.824719543457e+02
1.825717773438e+02
1.826714324951e+02
1.827711029053e+02
1.828707580566e+02
1.829703674316e+02
1.830700836182e+02
1.831697845459e+02
1.832695465088e+02
1.833691711426e+02
1.834688720703e+02
1.835686187744e+02
1.83668258667e+02
1.837679748535e+02
1.838678131104e+02
1.839674072266e+02
1.840671081543e+02
1.841667480469e+02
1.842664642334e+02
1.843661499023e+02
1.844658966064e+02
1.845655670166e+02
1.846652679443e+02
1.847649688721e+02
1.848646697998e+02
1.849644012451e+02
1.850640716553e+02
1.851638946533e+02
1.852635040283e+02
1.853631744385e+02
1.854628753662e+02
1.855625915527e+02
1.856622619629e+02
1.857619476318e+02
1.858616638184e+02
1.859616241455e+02
1.860613250732e+02
1.861610107422e+02
1.862616577148e+02
1.863615264893e+02
1.864611816406e+02
1.865609130859e+02
1.866606292725e+02
1.867603607178e+02
1.868600158691e+02
1.869597015381e+02
1.870593719482e+02
1.871593170166e+02
1.872587738037e+02
1.873584747314e+02
1.874581604004e+02
1.875578460693e+02
1.876575469971e+02
1.877572479248e+02
1.87856918335e+02
1.879566345215e+02
1.880563354492e+02
1.881560211182e+02
1.882557525635e+02
1.883553771973e+02
1.884550628662e+02
1.885547637939e+02
1.886549224854e+02
1.887546081543e+02
1.888540802002e+02
1.889535522461e+02
1.890534820557e+02
1.891531677246e+02
1.892526092529e+02
1.893525543213e+02
1.894520111084e+02
1.895516815186e+02
1.896513824463e+02
1.897512817383e+02
1.898509368896e+02
1.899499816895e+02
1.900485839844e+02
1.901483154297e+02
1.902481842041e+02
1.903479919434e+02
1.904477539062e+02
1.90547164917e+02
1.906468200684e+02
1.907464752197e+02
1.908461761475e+02
1.909459075928e+02
1.910455932617e+02
1.911452636719e+02
1.912440185547e+02
1.913436889648e+02
1.914434509277e+02
1.915431060791e+02
1.916427459717e+02
1.91743347168e+02
1.918430328369e+02
1.919427947998e+02
1.920424194336e+02
1.921421356201e+02
1.922418060303e+02
1.923416442871e+02
1.924412841797e+02
1.925409851074e+02
1.926407470703e+02
1.927403869629e+02
1.928400726318e+02
1.929396820068e+02
1.930393981934e+02
1.931391296387e+02
1.932387542725e+02
1.933385467529e+02
1.934381256104e+02
1.935378723145e+02
1.936376037598e+02
1.937373657227e+02
1.93837020874e+02
1.939368438721e+02
1.940364379883e+02
1.941361541748e+02
1.942358703613e+02
1.943354644775e+02
1.944352722168e+02
1.945349578857e+02
1.946346130371e+02
1.947344055176e+02
1.948339385986e+02
1.949336547852e+02
1.950334472656e+02
1.951332702637e+02
1.952328796387e+02
1.953325042725e+02
1.954322357178e+02
1.955320129395e+02
1.956316375732e+02
1.957312774658e+02
1.958309326172e+02
1.959297637939e+02
1.960305633545e+02
1.96130279541e+02
1.962299346924e+02
1.963297119141e+02
1.964293212891e+02
1.965280151367e+02
1.966276092529e+02
1.967273864746e+02
1.968270111084e+02
1.969276733398e+02
1.970273284912e+02
1.971271514893e+02
1.97226852417e+02
1.973265533447e+02
1.974261779785e+02
1.975258026123e+02
1.976256256104e+02
1.977253570557e+02
1.978240661621e+02
1.979237976074e+02
1.980234832764e+02
1.981241607666e+02
1.982228088379e+02
1.983224639893e+02
1.984232025146e+02
1.985228729248e+02
1.986225891113e+02
1.987222595215e+02
1.988220062256e+02
1.989207458496e+02
1.990204467773e+02
1.991201934814e+02
1.992209320068e+02
1.993194885254e+02
1.994192047119e+02
1.995189361572e+02
1.996195068359e+02
1.997192840576e+02
1.998179779053e+02
1.999176635742e+02
2.000173950195e+02
2.001171417236e+02
2.002167663574e+02
2.003164367676e+02
2.004172058105e+02
2.005169219971e+02
2.006164550781e+02
2.007162475586e+02
2.008158721924e+02
2.009155273438e+02
2.010153503418e+02
2.011150054932e+02
2.012153167725e+02
2.013143768311e+02
2.014140625e+02
2.015138092041e+02
2.016136169434e+02
2.017121124268e+02
2.018119049072e+02
2.019115447998e+02
2.020113067627e+02
2.021108703613e+02
2.022106628418e+02
2.023103179932e+02
2.024100341797e+02
2.025098114014e+02
2.026094665527e+02
2.027091522217e+02
2.028092956543e+02
2.029087219238e+02
2.030082092285e+02
2.031079559326e+02
2.032076416016e+02
2.033072814941e+02
2.034069824219e+02
2.035067596436e+02
2.036063842773e+02
2.03706161499e+02
2.038058013916e+02
2.039054718018e+02
2.040051422119e+02
2.041047668457e+02
2.042045288086e+02
2.043042144775e+02
2.044039306641e+02
2.045036010742e+02
2.046031494141e+02
2.04702911377e+02
2.048027038574e+02
2.0490234375e+02
2.050019226074e+02
2.051016845703e+02
2.05201385498e+02
2.053011169434e+02
2.054007263184e+02
2.055004119873e+02
2.056001739502e+02
2.056999053955e+02
2.057995147705e+02
2.058992767334e+02
2.059989471436e+02
2.060986175537e+02
2.061983337402e+02
2.062979888916e+02
2.063977355957e+02
2.064974365234e+02
2.06597076416e+02
2.066967926025e+02
2.067964630127e+02
2.06896194458e+02
2.069958496094e+02
2.070955657959e+02
2.071952209473e+02
2.072948913574e+02
2.073945617676e+02
2.074943084717e+02
2.075940093994e+02
2.076936340332e+02
2.077933654785e+02
2.078930206299e+02
2.079937896729e+02
2.080924377441e+02
2.081921844482e+02
2.082918701172e+02
2.083915710449e+02
2.084912719727e+02
2.085909881592e+02
2.086906738281e+02
2.087903594971e+02
2.08890045166e+02
2.08989730835e+02
2.090894775391e+02
2.091891479492e+02
2.092888031006e+02
2.093885192871e+02
2.094882507324e+02
2.095879211426e+02
2.096876373291e+02
2.09787322998e+02
2.09887008667e+02
2.099869384766e+02
2.100866241455e+02
2.101874389648e+02
2.102869873047e+02
2.1038671875e+02
2.104864196777e+02
2.105859527588e+02
2.10685760498e+02
2.10785446167e+02
2.108861846924e+02
2.109847564697e+02
2.110844421387e+02
2.111841430664e+02
2.112840118408e+02
2.113836212158e+02
2.11483215332e+02
2.115829315186e+02
2.116826629639e+02
2.117823028564e+02
2.118820037842e+02
2.119817352295e+02
2.120814056396e+02
2.121811218262e+02
2.122806854248e+02
2.123821563721e+02
2.124813842773e+02
2.125810241699e+02
2.126807403564e+02
2.127804718018e+02
2.128799438477e+02
2.129796295166e+02
2.130795440674e+02
2.131792449951e+02
2.132789154053e+02
2.133786315918e+02
2.134783477783e+02
2.135780487061e+02
2.136778411865e+02
2.137771911621e+02
2.138770904541e+02
2.139759216309e+02
2.140749816895e+02
2.141746673584e+02
2.142743682861e+02
2.143740539551e+02
2.14473815918e+02
2.145736083984e+02
2.146731872559e+02
2.1477293396e+02
2.14872543335e+02
2.149722290039e+02
2.150719299316e+02
2.151716308594e+02
2.152713775635e+02
2.153710327148e+02
2.154707489014e+02
2.155704040527e+02
2.156701812744e+02
2.157698364258e+02
2.158695068359e+02
2.15969329834e+02
2.160689849854e+02
2.161687469482e+02
2.162674713135e+