7.663216590881e-01
8.601810455322e-01
9.599235534668e-01
1.059540629387e+00
1.159247994423e+00
1.2590020895e+00
1.359641671181e+00
1.459324836731e+00
1.558993339539e+00
1.658678174019e+00
1.758434176445e+00
1.858119130135e+00
1.95780813694e+00
2.057458400726e+00
2.157189846039e+00
2.256831884384e+00
2.356531143188e+00
2.456215858459e+00
2.555899620056e+00
2.655591011047e+00
2.755287408829e+00
2.855025291443e+00
2.95468211174e+00
3.054361104965e+00
3.154052495956e+00
3.253708600998e+00
3.353337287903e+00
3.453077077866e+00
3.552718400955e+00
3.652434587479e+00
3.752120256424e+00
3.851808547974e+00
3.951483011246e+00
4.051166534424e+00
4.150850772858e+00
4.250535488129e+00
4.350224494934e+00
4.449899673462e+00
4.549645423889e+00
4.649468898773e+00
4.749221801758e+00
4.848950862885e+00
4.948658943176e+00
5.048368930817e+00
5.148098945618e+00
5.24773645401e+00
5.347424030304e+00
5.447095870972e+00
5.546750068665e+00
5.645335674286e+00
5.745015144348e+00
5.844713687897e+00
5.944322109222e+00
6.043970108032e+00
6.143663406372e+00
6.243340492249e+00
6.343114852905e+00
6.442712306976e+00
6.542405128479e+00
6.642204761505e+00
6.743110179901e+00
6.842780590057e+00
6.942468166351e+00
7.042158126831e+00
7.141841888428e+00
7.240291118622e+00
7.340026378632e+00
7.439691066742e+00
7.539361953735e+00
7.639132499695e+00
7.738752365112e+00
7.838509082794e+00
7.938171863556e+00
8.037836074829e+00
8.137541770935e+00
8.237255096436e+00
8.336929321289e+00
8.436638832092e+00
8.536318778992e+00
8.636011123657e+00
8.735706329346e+00
8.835405349731e+00
8.935136795044e+00
9.034784317017e+00
9.134470939636e+00
9.234136581421e+00
9.333768844604e+00
9.433534622192e+00
9.53319644928e+00
9.63288974762e+00
9.732531547546e+00
9.832281112671e+00
9.93189239502e+00
1.003161334991e+01
1.013134765625e+01
1.023228168488e+01
1.033198165894e+01
1.043164825439e+01
1.053131198883e+01
1.063106250763e+01
1.07307510376e+01
1.083040046692e+01
1.093011283875e+01
1.102979469299e+01
1.112950992584e+01
1.122920417786e+01
1.132891178131e+01
1.142856121063e+01
1.15282497406e+01
1.162792205811e+01
1.172768211365e+01
1.182736682892e+01
1.19270362854e+01
1.202672863007e+01
1.212641716003e+01
1.222616863251e+01
1.232583236694e+01
1.242549514771e+01
1.252519416809e+01
1.262488174438e+01
1.272461605072e+01
1.282425689697e+01
1.292407417297e+01
1.302365684509e+01
1.312337684631e+01
1.322313308716e+01
1.332279014587e+01
1.342126941681e+01
1.352093696594e+01
1.362069797516e+01
1.372026634216e+01
1.381995677948e+01
1.391971111298e+01
1.401941871643e+01
1.41190366745e+01
1.421884059906e+01
1.431843852997e+01
1.441815090179e+01
1.45178155899e+01
1.461751556396e+01
1.471732139587e+01
1.481693744659e+01
1.491660022736e+01
1.501641750336e+01
1.511604118347e+01
1.521566677094e+01
1.531547260284e+01
1.541508293152e+01
1.551482772827e+01
1.56157617569e+01
1.571549129486e+01
1.581517028809e+01
1.591485691071e+01
1.601454353333e+01
1.611427497864e+01
1.621397972107e+01
1.631367874146e+01
1.641331672668e+01
1.65130443573e+01
1.661276817322e+01
1.671237182617e+01
1.681212806702e+01
1.691179084778e+01
1.70115070343e+01
1.711119270325e+01
1.721087837219e+01
1.731062507629e+01
1.741027641296e+01
1.750995445251e+01
1.760964012146e+01
1.770936775208e+01
1.780906486511e+01
1.790880966187e+01
1.800846481323e+01
1.810841941833e+01
1.820663070679e+01
1.83064250946e+01
1.84060344696e+01
1.850570297241e+01
1.860543060303e+01
1.870513153076e+01
1.880487251282e+01
1.890453910828e+01
1.900433158875e+01
1.910395240784e+01
1.920357131958e+01
1.930472373962e+01
1.940447235107e+01
1.950413894653e+01
1.960383987427e+01
1.970353126526e+01
1.98032207489e+01
1.990302467346e+01
2.000262069702e+01
2.01023273468e+01
2.0203332901e+01
2.030305671692e+01
2.040275764465e+01
2.05024433136e+01
2.060212516785e+01
2.070183944702e+01
2.080153465271e+01
2.09012966156e+01
2.100095558167e+01
2.110064506531e+01
2.119919586182e+01
2.129886054993e+01
2.139855194092e+01
2.149825668335e+01
2.159781837463e+01
2.169752883911e+01
2.17972278595e+01
2.189690208435e+01
2.199659538269e+01
2.2096326828e+01
2.219598007202e+01
2.229573059082e+01
2.239538002014e+01
2.249506568909e+01
2.259474372864e+01
2.269445610046e+01
2.27954750061e+01
2.289521408081e+01
2.299484443665e+01
2.309456443787e+01
2.319428443909e+01
2.329218673706e+01
2.339190864563e+01
2.3491771698e+01
2.359140968323e+01
2.369097709656e+01
2.379072952271e+01
2.389054298401e+01
2.399010848999e+01
2.408987236023e+01
2.418965339661e+01
2.428928184509e+01
2.438895797729e+01
2.448869132996e+01
2.458840370178e+01
2.468805885315e+01
2.478775405884e+01
2.488750076294e+01
2.498706245422e+01
2.508680534363e+01
2.518645477295e+01
2.528614807129e+01
2.538596343994e+01
2.548554611206e+01
2.558522987366e+01
2.568492507935e+01
2.578449821472e+01
2.588433074951e+01
2.598403358459e+01
2.608374023437e+01
2.618343544006e+01
2.628316116333e+01
2.638284301758e+01
2.648255157471e+01
2.658221244812e+01
2.668188095093e+01
2.678157997131e+01
2.688122367859e+01
2.698096466064e+01
2.708065414429e+01
2.718026542664e+01
2.728002929687e+01
2.737968254089e+01
2.747951126099e+01
2.757934761047e+01
2.767880249023e+01
2.777845191956e+01
2.787819099426e+01
2.797791481018e+01
2.807754325867e+01
2.817728805542e+01
2.827686882019e+01
2.83766746521e+01
2.847632408142e+01
2.85760345459e+01
2.867583084106e+01
2.877549743652e+01
2.887517356873e+01
2.897476577759e+01
2.907454109192e+01
2.917424583435e+01
2.927392196655e+01
2.937352180481e+01
2.947324943542e+01
2.957285881042e+01
2.967265129089e+01
2.977238273621e+01
2.987191200256e+01
2.997173690796e+01
3.007137680054e+01
3.017112731934e+01
3.027081680298e+01
3.037052536011e+01
3.047016525269e+01
3.056985855103e+01
3.066964149475e+01
3.076929283142e+01
3.08689956665e+01
3.096871757507e+01
3.106832313538e+01
3.116825485229e+01
3.126767158508e+01
3.136740684509e+01
3.146712875366e+01
3.156669235229e+01
3.166647148132e+01
3.17661857605e+01
3.186592102051e+01
3.196562576294e+01
3.206438064575e+01
3.216408157349e+01
3.226375579834e+01
3.236345672607e+01
3.246318054199e+01
3.256284332275e+01
3.266253662109e+01
3.276219558716e+01
3.286190032959e+01
3.296284866333e+01
3.306260299683e+01
3.3160987854e+01
3.326067733765e+01
3.336036682129e+01
3.346006011963e+01
3.355973815918e+01
3.365945053101e+01
3.375913619995e+01
3.38588142395e+01
3.395883178711e+01
3.405829238892e+01
3.415797042847e+01
3.425759506226e+01
3.435732269287e+01
3.445697784424e+01
3.455668640137e+01
3.465637969971e+01
3.475602340698e+01
3.48557472229e+01
3.495546340942e+01
3.505520248413e+01
3.51548614502e+01
3.525456237793e+01
3.535425567627e+01
3.545390701294e+01
3.555360412598e+01
3.565333557129e+01
3.575305557251e+01
3.585363388062e+01
3.595329284668e+01
3.605299758911e+01
3.615269088745e+01
3.625239944458e+01
3.635209655762e+01
3.645171356201e+01
3.655137634277e+01
3.665105438232e+01
3.675080108643e+01
3.685047912598e+01
3.695016479492e+01
3.704979324341e+01
3.714953613281e+01
3.72491645813e+01
3.734886550903e+01
3.744855499268e+01
3.754822921753e+01
3.764789962769e+01
3.774759292603e+01
3.784732818604e+01
3.794695663452e+01
3.804662704468e+01
3.814630126953e+01
3.824598312378e+01
3.834565353394e+01
3.844539642334e+01
3.854509353638e+01
3.864474487305e+01
3.874345779419e+01
3.884313583374e+01
3.894287490845e+01
3.904253005981e+01
3.914220809937e+01
3.92419128418e+01
3.934157943726e+01
3.944128036499e+01
3.954095458984e+01
3.964067077637e+01
3.974032974243e+01
3.983999633789e+01
3.994097137451e+01
4.004070281982e+01
4.014035415649e+01
4.024002838135e+01
4.033972167969e+01
4.043942260742e+01
4.053914642334e+01
4.06378364563e+01
4.073723220825e+01
4.083710479736e+01
4.093664169312e+01
4.103631210327e+01
4.113600921631e+01
4.123567962646e+01
4.133541870117e+01
4.143505477905e+01
4.153479766846e+01
4.163449478149e+01
4.173411941528e+01
4.183382415771e+01
4.193350601196e+01
4.203314971924e+01
4.213282775879e+01
4.223252487183e+01
4.233233261108e+01
4.24319152832e+01
4.253160476685e+01
4.263130187988e+01
4.273099136353e+01
4.283167648315e+01
4.293141174316e+01
4.303102111816e+01
4.313068389893e+01
4.323039627075e+01
4.33303565979e+01
4.343003463745e+01
4.353101730347e+01
4.363059616089e+01
4.373049926758e+01
4.382996749878e+01
4.392987060547e+01
4.40295753479e+01
4.412907791138e+01
4.4228931427e+01
4.432861328125e+01
4.442809295654e+01
4.452777481079e+01
4.462746429443e+01
4.47260055542e+01
4.482698822021e+01
4.492665863037e+01
4.502507781982e+01
4.51248626709e+01
4.522565078735e+01
4.532549667358e+01
4.542493438721e+01
4.552464294434e+01
4.56243019104e+01
4.572399902344e+01
4.582392120361e+01
4.59234046936e+01
4.602308654785e+01
4.612282562256e+01
4.622271728516e+01
4.63221206665e+01
4.642181396484e+01
4.652158737183e+01
4.662121582031e+01
4.67209777832e+01
4.68205909729e+01
4.692028808594e+01
4.701998138428e+01
4.711986160278e+01
4.72193031311e+01
4.731753158569e+01
4.741716384888e+01
4.751689529419e+01
4.761657714844e+01
4.771636581421e+01
4.781601333618e+01
4.791575622559e+01
4.801544570923e+01
4.811512756348e+01
4.821479797363e+01
4.831450653076e+01
4.841424560547e+01
4.851285171509e+01
4.861376571655e+01
4.871347045898e+01
4.881318664551e+01
4.891283798218e+01
4.901259994507e+01
4.911219024658e+01
4.921190643311e+01
4.931181716919e+01
4.941128921509e+01
4.951100540161e+01
4.960940933228e+01
4.97100982666e+01
4.980973052979e+01
4.990943908691e+01
5.000815200806e+01
5.010785293579e+01
5.020756149292e+01
5.030726242065e+01
5.040697479248e+01
5.050658416748e+01
5.060638809204e+01
5.070598220825e+01
5.08056678772e+01
5.090531539917e+01
5.100503540039e+01
5.110470962524e+01
5.120438766479e+01
5.13041305542e+01
5.140377044678e+01
5.15034828186e+01
5.160315322876e+01
5.170415496826e+01
5.180374908447e+01
5.190352249146e+01
5.200324630737e+01
5.21028137207e+01
5.22025604248e+01
5.230220031738e+01
5.24019241333e+01
5.250166320801e+01
5.260133743286e+01
5.270104217529e+01
5.280069732666e+01
5.290032958984e+01
5.300011062622e+01
5.309976959229e+01
5.319937133789e+01
5.329911804199e+01
5.339879226685e+01
5.349848175049e+01
5.359816360474e+01
5.369786453247e+01
5.379755783081e+01
5.389719009399e+01
5.399694824219e+01
5.409661483765e+01
5.419631195068e+01
5.429594802856e+01
5.43956451416e+01
5.449531555176e+01
5.459502792358e+01
5.469464111328e+01
5.479439544678e+01
5.489399337769e+01
5.499374389648e+01
5.509337997437e+01
5.519306564331e+01
5.529275131226e+01
5.53924369812e+01
5.549209213257e+01
5.559180450439e+01
5.569143676758e+01
5.579109954834e+01
5.589078903198e+01
5.599047088623e+01
5.609018707275e+01
5.618991470337e+01
5.628955459595e+01
5.638921737671e+01
5.648889160156e+01
5.658762741089e+01
5.668695068359e+01
5.678663635254e+01
5.688631820679e+01
5.698599624634e+01
5.708571243286e+01
5.718667602539e+01
5.728631973267e+01
5.738603210449e+01
5.748567962646e+01
5.758542251587e+01
5.768506622314e+01
5.778477096558e+01
5.788442611694e+01
5.79840927124e+01
5.808380126953e+01
5.818259429932e+01
5.828328704834e+01
5.838287734985e+01
5.848127365112e+01
5.858100128174e+01
5.86806640625e+01
5.878033447266e+01
5.88800201416e+01
5.897969818115e+01
5.907945632935e+01
5.918008422852e+01
5.927978897095e+01
5.93794670105e+01
5.947916030884e+01
5.957880783081e+01
5.967850494385e+01
5.977819442749e+01
5.987788391113e+01
5.997757720947e+01
6.007731246948e+01
6.017697906494e+01
6.02766418457e+01
6.037635421753e+01
6.047605133057e+01
6.057571792603e+01
6.067540359497e+01
6.077510070801e+01
6.087479019165e+01
6.097447967529e+01
6.107418060303e+01
6.117385482788e+01
6.127354431152e+01
6.137322616577e+01
6.14729385376e+01
6.157172775269e+01
6.167132568359e+01
6.177119064331e+01
6.187071228027e+01
6.197046279907e+01
6.207151794434e+01
6.216985702515e+01
6.227045059204e+01
6.237021255493e+01
6.246984863281e+01
6.256959533691e+01
6.266924667358e+01
6.276891326904e+01
6.286864852905e+01
6.296829986572e+01
6.306799697876e+01
6.31676864624e+01
6.326738739014e+01
6.336708068848e+01
6.346677780151e+01
6.356647872925e+01
6.366627120972e+01
6.376519012451e+01
6.386602020264e+01
6.396564865112e+01
6.406531524658e+01
6.416501617432e+01
6.426348876953e+01
6.436412811279e+01
6.446382904053e+01
6.456352996826e+01
6.466226196289e+01
6.47620010376e+01
6.486211395264e+01
6.496138763428e+01
6.50611114502e+01
6.516077423096e+01
6.52604675293e+01
6.536013031006e+01
6.545989990234e+01
6.555987548828e+01
6.565927124023e+01
6.575898742676e+01
6.585868835449e+01
6.595874023438e+01
6.605812835693e+01
6.615777587891e+01
6.625749969482e+01
6.635722351074e+01
6.645691680908e+01
6.655658721924e+01
6.665632629395e+01
6.675603485107e+01
6.685569000244e+01
6.695542144775e+01
6.705644989014e+01
6.71561126709e+01
6.725585174561e+01
6.735546112061e+01
6.745514678955e+01
6.755522918701e+01
6.765563964844e+01
6.775555419922e+01
6.785520935059e+01
6.795468902588e+01
6.805439758301e+01
6.815342712402e+01
6.825357055664e+01
6.835344696045e+01
6.845342254639e+01
6.855319213867e+01
6.86526184082e+01
6.875219726563e+01
6.885189819336e+01
6.89515914917e+01
6.905139923096e+01
6.915105438232e+01
6.92506942749e+01
6.935041046143e+01
6.945027923584e+01
6.954976654053e+01
6.964944458008e+01
6.974914550781e+01
6.984882354736e+01
6.994875335693e+01
7.004820251465e+01
7.014790344238e+01
7.024760437012e+01
7.034754180908e+01
7.04469909668e+01
7.054695892334e+01
7.06466217041e+01
7.074611663818e+01
7.084599304199e+01
7.094569396973e+01
7.10453414917e+01
7.114502716064e+01
7.124472045898e+01
7.134268951416e+01
7.144239807129e+01
7.154222106934e+01
7.164211273193e+01
7.174057769775e+01
7.18402557373e+01
7.193999481201e+01
7.203955841064e+01
7.213932800293e+01
7.223903656006e+01
7.233866882324e+01
7.243844604492e+01
7.25382232666e+01
7.263784790039e+01
7.273857879639e+01
7.283824157715e+01
7.293785095215e+01
7.303757476807e+01
7.313725280762e+01
7.323694610596e+01
7.333664703369e+01
7.343630218506e+01
7.353606414795e+01
7.363574981689e+01
7.373540496826e+01
7.383514404297e+01
7.393474578857e+01
7.40344619751e+01
7.413417053223e+01
7.423385620117e+01
7.433355712891e+01
7.443318939209e+01
7.45329208374e+01
7.463164520264e+01
7.473142242432e+01
7.483107757568e+01
7.493074035645e+01
7.503042602539e+01
7.51301651001e+01
7.522984313965e+01
7.532954406738e+01
7.542924499512e+01
7.552896118164e+01
7.562860870361e+01
7.572829437256e+01
7.582907104492e+01
7.592771911621e+01
7.602831268311e+01
7.612701416016e+01
7.622779846191e+01
7.63274230957e+01
7.642716217041e+01
7.652684783936e+01
7.662655639648e+01
7.672626495361e+01
7.682485961914e+01
7.692552947998e+01
7.702520751953e+01
7.712398529053e+01
7.722360992432e+01
7.732328033447e+01
7.742296600342e+01
7.752269744873e+01
7.762239837646e+01
7.77220916748e+01
7.782176971436e+01
7.79214553833e+01
7.802112579346e+01
7.812078857422e+01
7.822045898437e+01
7.832022857666e+01
7.841992950439e+01
7.851974487305e+01
7.862080383301e+01
7.872032928467e+01
7.882001495361e+01
7.891967773438e+01
7.901937866211e+01
7.911782073975e+01
7.921739959717e+01
7.931718444824e+01
7.941679382324e+01
7.951669311523e+01
7.96163482666e+01
7.971592712402e+01
7.981559753418e+01
7.991664123535e+01
8.001503753662e+01
8.011477661133e+01
8.021440124512e+01
8.031414031982e+01
8.04137878418e+01
8.051351928711e+01
8.061318206787e+01
8.071291351318e+01
8.081257629395e+01
8.091360473633e+01
8.101195526123e+01
8.111164855957e+01
8.121137237549e+01
8.131211853027e+01
8.141172790527e+01
8.151151275635e+01
8.161109161377e+01
8.17107925415e+01
8.181049346924e+01
8.191024780273e+01
8.200991821289e+01
8.210958862305e+01
8.220938110352e+01
8.230898284912e+01
8.240872955322e+01
8.250839233398e+01
8.260809326172e+01
8.270777893066e+01
8.280743408203e+01
8.290716552734e+01
8.300685119629e+01
8.310651397705e+01
8.320623779297e+01
8.330593109131e+01
8.340561676025e+01
8.350534820557e+01
8.360501861572e+01
8.370471954346e+01
8.38044052124e+01
8.390410614014e+01
8.400381469727e+01
8.410349273682e+01
8.420319366455e+01
8.430290222168e+01
8.440260314941e+01
8.450230407715e+01
8.460202026367e+01
8.470169830322e+01
8.480139160156e+01
8.49010848999e+01
8.500077819824e+01
8.510046386719e+01
8.520015716553e+01
8.529991149902e+01
8.539954376221e+01
8.549926757812e+01
8.559893035889e+01
8.569864654541e+01
8.579832458496e+01
8.589813995361e+01
8.599771881104e+01
8.60973815918e+01
8.619709014893e+01
8.629680633545e+01
8.639646911621e+01
8.649618530273e+01
8.659588623047e+01
8.669564819336e+01
8.679528808594e+01
8.689495849609e+01
8.699471282959e+01
8.709436035156e+01
8.719406890869e+01
8.729376220703e+01
8.739345550537e+01
8.74931640625e+01
8.759288024902e+01
8.769251251221e+01
8.779224395752e+01
8.789204406738e+01
8.79916305542e+01
8.809128570557e+01
8.819012451172e+01
8.829082489014e+01
8.839061737061e+01
8.849036407471e+01
8.85899810791e+01
8.868966674805e+01
8.878937530518e+01
8.888907623291e+01
8.898876190186e+01
8.908846282959e+01
8.918817901611e+01
8.928783416748e+01
8.938761901855e+01
8.948731231689e+01
8.958695220947e+01
8.9686668396e+01
8.978635406494e+01
8.988605499268e+01
8.998580932617e+01
9.008556365967e+01
9.01851272583e+01
9.028479003906e+01
9.038459014893e+01
9.048425292969e+01
9.058389282227e+01
9.068363189697e+01
9.078328704834e+01
9.088301849365e+01
9.098272705078e+01
9.108247375488e+01
9.118225860596e+01
9.128186798096e+01
9.138160705566e+01
9.148131561279e+01
9.158237457275e+01
9.168183898926e+01
9.178162384033e+01
9.188126373291e+01
9.198092651367e+01
9.208067321777e+01
9.21803894043e+01
9.228028106689e+01
9.237971496582e+01
9.247940826416e+01
9.25791015625e+01
9.26788482666e+01
9.2778465271e+01
9.287818145752e+01
9.297787475586e+01
9.307759857178e+01
9.317747497559e+01
9.327694702148e+01
9.337691497803e+01
9.347633361816e+01
9.357608032227e+01
9.367590332031e+01
9.377554321289e+01
9.387399291992e+01
9.397365570068e+01
9.407327270508e+01
9.4172996521e+01
9.427263641357e+01
9.437387084961e+01
9.447342681885e+01
9.457318115234e+01
9.46728515625e+01
9.477253723145e+01
9.487224578857e+01
9.497192382812e+01
9.507161712646e+01
9.51713180542e+01
9.527089691162e+01
9.536892700195e+01
9.54686126709e+01
9.556829071045e+01
9.566805267334e+01
9.576670837402e+01
9.586645507813e+01
9.596614837646e+01
9.606587982178e+01
9.61655960083e+01
9.626532745361e+01
9.636498260498e+01
9.646472167969e+01
9.656444549561e+01
9.666413116455e+01
9.676378631592e+01
9.686344909668e+01
9.696308898926e+01
9.706282043457e+01
9.716255187988e+01
9.726219177246e+01
9.736206817627e+01
9.746165466309e+01
9.756134033203e+01
9.766107177734e+01
9.776078796387e+01
9.786042022705e+01
9.7960105896e+01
9.805986785889e+01
9.815954589844e+01
9.825923156738e+01
9.835894012451e+01
9.845863342285e+01
9.855830383301e+01
9.865801239014e+01
9.875791931152e+01
9.885742950439e+01
9.895709991455e+01
9.90567855835e+01
9.915645599365e+01
9.925614929199e+01
9.935585021973e+01
9.945552825928e+01
9.955522155762e+01
9.965497589111e+01
9.975465393066e+01
9.985432434082e+01
9.995404052734e+01
1.000537719727e+02
1.001534500122e+02
1.002531509399e+02
1.003528671265e+02
1.0045262146e+02
1.005536499023e+02
1.006533126831e+02
1.007530059814e+02
1.008527297974e+02
1.009523696899e+02
1.01052154541e+02
1.011518249512e+02
1.012515487671e+02
1.013511810303e+02
1.014509353638e+02
1.015506515503e+02
1.016503372192e+02
1.017500228882e+02
1.018484268188e+02
1.019480514526e+02
1.020476837158e+02
1.021474304199e+02
1.022470474243e+02
1.023468856812e+02
1.024464797974e+02
1.025461578369e+02
1.026459121704e+02
1.027455749512e+02
1.028452606201e+02
1.029449768066e+02
1.030446853638e+02
1.031443557739e+02
1.032440872192e+02
1.033447265625e+02
1.034444656372e+02
1.035441894531e+02
1.03642791748e+02
1.037425994873e+02
1.038423614502e+02
1.039420089722e+02
1.040416793823e+02
1.041413497925e+02
1.042409973145e+02
1.043406906128e+02
1.044403457642e+02
1.045400543213e+02
1.04641166687e+02
1.047408447266e+02
1.048405685425e+02
1.049402236938e+02
1.05039932251e+02
1.051397018433e+02
1.05239364624e+02
1.053390960693e+02
1.054374160767e+02
1.055370559692e+02
1.056368026733e+02
1.057364501953e+02
1.058362426758e+02
1.059359359741e+02
1.060356369019e+02
1.061352081299e+02
1.06234916687e+02
1.063346481323e+02
1.064342880249e+02
1.065339736938e+02
1.066336669922e+02
1.067333526611e+02
1.068330764771e+02
1.069327545166e+02
1.070324478149e+02
1.071322479248e+02
1.072318878174e+02
1.073316116333e+02
1.074312362671e+02
1.075310058594e+02
1.076306381226e+02
1.077303237915e+02
1.078300018311e+02
1.079297027588e+02
1.080294036865e+02
1.081291122437e+02
1.082287826538e+02
1.083286361694e+02
1.084282073975e+02
1.085279083252e+02
1.086275787354e+02
1.087272567749e+02
1.088269424438e+02
1.089266815186e+02
1.090263595581e+02
1.091269836426e+02
1.092256851196e+02
1.093254394531e+02
1.094251556396e+02
1.095247650146e+02
1.096245193481e+02
1.097242126465e+02
1.098252716064e+02
1.099236373901e+02
1.100233535767e+02
1.101239547729e+02
1.102236480713e+02
1.103233413696e+02
1.104233703613e+02
1.105230255127e+02
1.106227645874e+02
1.107224655151e+02
1.108221282959e+02
1.109218826294e+02
1.110215301514e+02
1.111212158203e+02
1.112209396362e+02
1.113206100464e+02
1.114203186035e+02
1.115199890137e+02
1.11619720459e+02
1.117194290161e+02
1.118190841675e+02
1.119188995361e+02
1.120185470581e+02
1.121182022095e+02
1.12217918396e+02
1.123176651001e+02
1.124173202515e+02
1.12517074585e+02
1.126167144775e+02
1.127163619995e+02
1.128160705566e+02
1.129158325195e+02
1.130155487061e+02
1.13115272522e+02
1.132149505615e+02
1.133146057129e+02
1.134143676758e+02
1.135140075684e+02
1.1361378479e+02
1.137134399414e+02
1.13813117981e+02
1.139127578735e+02
1.140124740601e+02
1.141121902466e+02
1.142118682861e+02
1.143115310669e+02
1.144112625122e+02
1.145109863281e+02
1.146107177734e+02
1.14709197998e+02
1.148087615967e+02
1.149085464478e+02
1.150095443726e+02
1.151078720093e+02
1.152085571289e+02
1.153085632324e+02
1.154083099365e+02
1.155079879761e+02
1.156085891724e+02
1.157087402344e+02
1.158082046509e+02
1.159079360962e+02
1.160076217651e+02
1.161072845459e+02
1.162069854736e+02
1.163066940308e+02
1.164066390991e+02
1.165060653687e+02
1.166059951782e+02
1.167054443359e+02
1.168053665161e+02
1.169048461914e+02
1.170045394897e+02
1.171042404175e+02
1.172039108276e+02
1.173036346436e+02
1.174033355713e+02
1.175033340454e+02
1.176029510498e+02
1.177024383545e+02
1.178021469116e+02
1.179020309448e+02
1.18001625061e+02
1.181011962891e+02
1.18200881958e+02
1.183005905151e+02
1.184002838135e+02
1.184999847412e+02
1.185999526978e+02
1.186993713379e+02
1.187990722656e+02
1.188988876343e+02
1.189984588623e+02
1.190983581543e+02
1.191978759766e+02
1.192975921631e+02
1.193957061768e+02
1.19495475769e+02
1.195953445435e+02
1.19695022583e+02
1.197948074341e+02
1.198945388794e+02
1.199942321777e+02
1.200938949585e+02
1.201936721802e+02
1.202920608521e+02
1.203917236328e+02
1.204915008545e+02
1.205925140381e+02
1.206921386719e+02
1.207918624878e+02
1.208915481567e+02
1.209911804199e+02
1.210908584595e+02
1.211906356812e+02
1.212902679443e+02
1.213900222778e+02
1.214897537231e+02
1.215893630981e+02
1.216891021729e+02
1.217888031006e+02
1.218885574341e+02
1.219881820679e+02
1.220878829956e+02
1.221875762939e+02
1.222872848511e+02
1.22386932373e+02
1.224866104126e+02
1.225862960815e+02
1.226860198975e+02
1.227857131958e+02
1.228854293823e+02
1.229851303101e+02
1.230847854614e+02
1.231845626831e+02
1.232842636108e+02
1.233839263916e+02
1.234835739136e+02
1.235832366943e+02
1.236829299927e+02
1.237826156616e+02
1.238823928833e+02
1.239820175171e+02
1.24081703186e+02
1.24181427002e+02
1.242811431885e+02
1.243808288574e+02
1.244805526733e+02
1.245802764893e+02
1.246799621582e+02
1.247796478271e+02
1.248793869019e+02
1.249790725708e+02
1.250787582397e+02
1.251784820557e+02
1.252781448364e+02
1.253779220581e+02
1.254775543213e+02
1.255773239136e+02
1.256770172119e+02
1.257766571045e+02
1.258764190674e+02
1.259760971069e+02
1.260758056641e+02
1.261754989624e+02
1.262752761841e+02
1.263749237061e+02
1.264746780396e+02
1.265743942261e+02
1.26674079895e+02
1.267737503052e+02
1.268733978271e+02
1.269731521606e+02
1.27072845459e+02
1.271725997925e+02
1.272722930908e+02
1.273720321655e+02
1.274717025757e+02
1.275713348389e+02
1.27671081543e+02
1.277707977295e+02
1.278704986572e+02
1.27970161438e+02
1.280698699951e+02
1.281696014404e+02
1.282692718506e+02
1.283690032959e+02
1.284687194824e+02
1.285684051514e+02
1.286680908203e+02
1.287677459717e+02
1.288674621582e+02
1.289671936035e+02
1.290668792725e+02
1.291665649414e+02
1.292663574219e+02
1.293659515381e+02
1.29465637207e+02
1.295653533936e+02
1.296650390625e+02
1.297647247314e+02
1.298644866943e+02
1.299641418457e+02
1.30063873291e+02
1.301635894775e+02
1.302633056641e+02
1.303628997803e+02
1.30462600708e+02
1.305622558594e+02
1.306619873047e+02
1.307616424561e+02
1.308613433838e+02
1.309610595703e+02
1.31060760498e+02
1.311604614258e+02
1.312602233887e+02
1.313599700928e+02
1.314595947266e+02
1.315593261719e+02
1.316590270996e+02
1.317587738037e+02
1.318584747314e+02
1.31958114624e+02
1.320578765869e+02
1.321575469971e+02
1.322572021484e+02
1.32356842041e+02
1.324566345215e+02
1.325562744141e+02
1.32655960083e+02
1.327556762695e+02
1.328554382324e+02
1.329550476074e+02
1.330547180176e+02
1.331544494629e+02
1.332540435791e+02
1.33353729248e+02
1.33453338623e+02
1.335530090332e+02
1.336527099609e+02
1.33752456665e+02
1.338521728516e+02
1.339518585205e+02
1.340514068604e+02
1.341512145996e+02
1.342509613037e+02
1.343506469727e+02
1.344502868652e+02
1.345498962402e+02
1.346497344971e+02
1.347493896484e+02
1.348490447998e+02
1.349487457275e+02
1.350484924316e+02
1.35147064209e+02
1.35247833252e+02
1.353476867676e+02
1.354473266602e+02
1.355470275879e+02
1.356454162598e+02
1.357451324463e+02
1.358460540771e+02
1.359445800781e+02
1.360442962646e+02
1.361439819336e+02
1.362436523437e+02
1.363433380127e+02
1.364429931641e+02
1.365427093506e+02
1.36642288208e+02
1.367420959473e+02
1.36841796875e+02
1.369414672852e+02
1.370411682129e+02
1.371408538818e+02
1.372417755127e+02
1.373401947021e+02
1.374398803711e+02
1.375395507812e+02
1.37639251709e+02
1.377389221191e+02
1.378386230469e+02
1.379383239746e+02
1.380393066406e+02
1.381389312744e+02
1.38238861084e+02
1.383385162354e+02
1.384382019043e+02
1.385379333496e+02
1.386376190186e+02
1.387373504639e+02
1.38837020874e+02
1.389367370605e+02
1.390364074707e+02
1.39136138916e+02
1.392358856201e+02
1.393354949951e+02
1.394351806641e+02
1.39534866333e+02
1.396353607178e+02
1.397352905273e+02
1.398350067139e+02
1.399347229004e+02
1.400344543457e+02
1.401341400146e+02
1.402337799072e+02
1.40333480835e+02
1.404331512451e+02
1.405330963135e+02
1.406325836182e+02
1.407322387695e+02
1.408318939209e+02
1.409315948486e+02
1.410312805176e+02
1.411308441162e+02
1.41230682373e+02
1.413303070068e+02
1.414300537109e+02
1.415299224854e+02
1.416294708252e+02
1.417291107178e+02
1.418287658691e+02
1.419273223877e+02
1.420269165039e+02
1.421266174316e+02
1.422263336182e+02
1.423259887695e+02
1.424256896973e+02
1.425254211426e+02
1.426252441406e+02
1.427249755859e+02
1.42824508667e+02
1.429243164063e+02
1.430240478516e+02
1.431236877441e+02
1.432244415283e+02
1.433242340088e+02
1.434223327637e+02
1.435221862793e+02
1.43621963501e+02
1.437216339111e+02
1.438213806152e+02
1.439210510254e+02
1.440195007324e+02
1.441191711426e+02
1.442189178467e+02
1.443186340332e+02
1.444183197021e+02
1.445180053711e+02
1.4461769104e+02
1.447173614502e+02
1.448173065186e+02
1.449167785645e+02
1.450175018311e+02
1.451172027588e+02
1.452168731689e+02
1.453155212402e+02
1.454151916504e+02
1.455160217285e+02
1.456156463623e+02
1.45714553833e+02
1.45813949585e+02
1.459136199951e+02
1.460134124756e+02
1.461130218506e+02
1.46214050293e+02
1.463137359619e+02
1.464134521484e+02
1.465131072998e+02
1.466128387451e+02
1.467111968994e+02
1.468108978271e+02
1.469116210938e+02
1.470112915039e+02
1.471109924316e+02
1.472107086182e+02
1.473103942871e+02
1.474100799561e+02
1.475098419189e+02
1.476096038818e+02
1.477091827393e+02
1.478088989258e+02
1.479085693359e+02
1.480082702637e+02
1.481079559326e+02
1.482066650391e+02
1.483073883057e+02
1.484071350098e+02
1.485067901611e+02
1.486065216064e+02
1.487062072754e+02
1.488058929443e+02
1.489056396484e+02
1.490053405762e+02
1.491051025391e+02
1.492047729492e+02
1.493045806885e+02
1.494030761719e+02
1.495027618408e+02
1.496024932861e+02
1.497021179199e+02
1.498018035889e+02
1.499015197754e+02
1.50001159668e+02
1.501008911133e+02
1.502006072998e+02
1.503003234863e+02
1.504000244141e+02
1.505008087158e+02
1.506004333496e+02
1.506990661621e+02
1.507987365723e+02
1.508993988037e+02
1.509990692139e+02
1.510987548828e+02
1.511985321045e+02
1.512981567383e+02
1.513979187012e+02
1.514979400635e+02
1.515972595215e+02
1.516969909668e+02
1.517966156006e+02
1.518963317871e+02
1.519960174561e+02
1.520957641602e+02
1.521955718994e+02
1.522950134277e+02
1.523947906494e+02
1.524945220947e+02
1.525945892334e+02
1.526939239502e+02
1.527935638428e+02
1.528932800293e+02
1.529930267334e+02
1.530926971436e+02
1.531923675537e+02
1.532922058105e+02
1.533919830322e+02
1.534914703369e+02
1.53591293335e+02
1.536913146973e+02
1.537905426025e+02
1.538902435303e+02
1.539900512695e+02
1.540897216797e+02
1.541893310547e+02
1.542891387939e+02
1.543886566162e+02
1.544884643555e+02
1.545881958008e+02
1.546878509521e+02
1.547877197266e+02
1.548872375488e+02
1.549869384766e+02
1.550866546631e+02
1.551863250732e+02
1.552850494385e+02
1.553847045898e+02
1.554844055176e+02
1.555840606689e+02
1.556836853027e+02
1.557834320068e+02
1.558831787109e+02
1.559828186035e+02
1.560825500488e+02
1.56182144165e+02
1.562818450928e+02
1.563815765381e+02
1.564812774658e+02
1.565809173584e+02
1.566806488037e+02
1.567803344727e+02
1.568800201416e+02
1.569799804687e+02
1.570794677734e+02
1.571791687012e+02
1.57278793335e+02
1.573786010742e+02
1.574781646729e+02
1.575778808594e+02
1.576775970459e+02
1.5777734375e+02
1.578770446777e+02
1.579767303467e+02
1.580765075684e+02
1.581761627197e+02
1.582757720947e+02
1.5837550354e+02
1.584752197266e+02
1.585748901367e+02
1.58674697876e+02
1.587743835449e+02
1.588740844727e+02
1.589738616943e+02
1.590735015869e+02
1.591732330322e+02
1.592729949951e+02
1.593726196289e+02
1.594723510742e+02
1.595720367432e+02
1.596717529297e+02
1.597714538574e+02
1.598713531494e+02
1.599708557129e+02
1.600705413818e+02
1.601702270508e+02
1.60271270752e+02
1.603709716797e+02
1.604706726074e+02
1.605703430176e+02
1.606699981689e+02
1.607698059082e+02
1.608694915771e+02
1.609692077637e+02
1.61068862915e+02
1.611685638428e+02
1.612682495117e+02
1.61366607666e+02
1.614663085937e+02
1.615660705566e+02
1.61665725708e+02
1.617654876709e+02
1.618651428223e+02
1.619647674561e+02
1.620644836426e+02
1.621642150879e+02
1.62263961792e+02
1.623636932373e+02
1.624646759033e+02
1.625644073486e+02
1.626640930176e+02
1.627637481689e+02
1.628634338379e+02
1.629631500244e+02
1.630628662109e+02
1.631625518799e+02
1.632622833252e+02
1.633606719971e+02
1.634604797363e+02
1.635601654053e+02
1.636604919434e+02
1.637606658936e+02
1.638602142334e+02
1.639599456787e+02
1.640596466064e+02
1.641594085693e+02
1.642590637207e+02
1.643587188721e+02
1.644583892822e+02
1.645582885742e+02
1.64657989502e+02
1.647576599121e+02
1.648572845459e+02
1.649580383301e+02
1.650567932129e+02
1.651564788818e+02
1.652561950684e+02
1.653557739258e+02
1.65455581665e+02
1.655552978516e+02
1.656548461914e+02
1.657547149658e+02
1.658542785645e+02
1.659540252686e+02
1.660536346436e+02
1.661533355713e+02
1.662530212402e+02
1.663527069092e+02
1.664523773193e+02
1.665521697998e+02
1.666517944336e+02
1.667514343262e+02
1.668512878418e+02
1.66950881958e+02
1.670505981445e+02
1.671503143311e+02
1.6725e+02
1.673496856689e+02
1.674480133057e+02
1.675477905273e+02
1.676473999023e+02
1.677472381592e+02
1.678469696045e+02
1.679471588135e+02
1.680463256836e+02
1.681461029053e+02
1.682457275391e+02
1.683454437256e+02
1.684451599121e+02
1.685447540283e+02
1.686444549561e+02
1.687441711426e+02
1.688438720703e+02
1.689435577393e+02
1.690433197021e+02
1.691443023682e+02
1.692439880371e+02
1.693436431885e+02
1.69443359375e+02
1.695430603027e+02
1.696427612305e+02
1.697424621582e+02
1.698422088623e+02
1.699419250488e+02
1.70041595459e+02
1.701412658691e+02
1.702409667969e+02
1.70340637207e+02
1.70440322876e+02
1.705400238037e+02
1.70639755249e+02
1.707394104004e+02
1.708390960693e+02
1.709387664795e+02
1.710384368896e+02
1.711381530762e+02
1.712378845215e+02
1.713375549316e+02
1.714372558594e+02
1.715369567871e+02
1.716366882324e+02
1.717363586426e+02
1.718360748291e+02
1.719357299805e+02
1.72035446167e+02
1.721351470947e+02
1.722334899902e+02
1.723332214355e+02
1.724340209961e+02
1.725326538086e+02
1.726322479248e+02
1.727333526611e+02
1.728329772949e+02
1.729327545166e+02
1.730310668945e+02
1.73130859375e+02
1.732304534912e+02
1.733301696777e+02
1.734299163818e+02
1.735295410156e+02
1.736292724609e+02
1.737289886475e+02
1.738299865723e+02
1.739296722412e+02
1.740293579102e+02
1.74129119873e+02
1.742287750244e+02
1.743284759521e+02
1.744281616211e+02
1.745279693604e+02
1.746275177002e+02
1.747272338867e+02
1.748268890381e+02
1.749266815186e+02
1.750263214111e+02
1.751260528564e+02
1.752257843018e+02
1.753253936768e+02
1.754251556396e+02
1.755248413086e+02
1.756245117187e+02
1.757241973877e+02
1.758238067627e+02
1.759235992432e+02
1.76023223877e+02
1.761229553223e+02
1.762226409912e+02
1.763223419189e+02
1.764219512939e+02
1.765216827393e+02
1.766213531494e+02
1.767210083008e+02
1.768207550049e+02
1.769203948975e+02
1.770201416016e+02
1.771197814941e+02
1.772194976807e+02
1.773191833496e+02
1.774188690186e+02
1.775185699463e+02
1.776182403564e+02
1.777179412842e+02
1.778176879883e+02
1.779173736572e+02
1.780170593262e+02
1.781166992187e+02
1.782164001465e+02
1.783160705566e+02
1.784157867432e+02
1.785155487061e+02
1.786151885986e+02
1.787148590088e+02
1.788145751953e+02
1.78914276123e+02
1.790139465332e+02
1.791136779785e+02
1.792133026123e+02
1.793130340576e+02
1.794127349854e+02
1.795123901367e+02
1.796121063232e+02
1.797117919922e+02
1.798114471436e+02
1.799111480713e+02
1.800108795166e+02
1.801105651855e+02
1.802102813721e+02
1.803099212646e+02
1.804096374512e+02
1.805092926025e+02
1.80609085083e+02
1.807088165283e+02
1.80808380127e+02
1.809080657959e+02
1.810077972412e+02
1.811074523926e+02
1.812071990967e+02
1.813068084717e+02
1.814065551758e+02
1.815062561035e+02
1.816059570312e+02
1.817056427002e+02
1.818053131104e+02
1.819050445557e+02
1.820047302246e+02
1.821044464111e+02
1.822041320801e+02
1.823038024902e+02
1.824035339355e+02
1.825031585693e+02
1.826028442383e+02
1.827025756836e+02
1.82802230835e+02
1.829020080566e+02
1.830016174316e+02
1.831013183594e+02
1.832011108398e+02
1.833007507324e+02
1.834004364014e+02
1.834989013672e+02
1.835986022949e+02
1.836982574463e+02
1.837979125977e+02
1.83897644043e+02
1.839975585937e+02
1.8409715271e+02
1.84196685791e+02
1.842963867187e+02
1.843962249756e+02
1.844958648682e+02
1.845955963135e+02
1.846951599121e+02
1.847948608398e+02
1.848953857422e+02
1.849942474365e+02
1.850939483643e+02
1.851937103271e+02
1.852933197021e+02
1.853931732178e+02
1.854929199219e+02
1.855924530029e+02
1.856921234131e+02
1.857919158936e+02
1.858915252686e+02
1.859912719727e+02
1.860910644531e+02
1.861906433105e+02
1.862904205322e+02
1.863900604248e+02
1.864897613525e+02
1.865894775391e+02
1.866892089844e+02
1.867889251709e+02
1.868885192871e+02
1.869882354736e+02
1.870892944336e+02
1.87188949585e+02
1.872886047363e+02
1.873882904053e+02
1.874880371094e+02
1.875877227783e+02
1.876878662109e+02
1.877882995605e+02
1.878881225586e+02
1.879876861572e+02
1.88087387085e+02
1.881870727539e+02
1.882868041992e+02
1.883865203857e+02
1.884861755371e+02
1.885859680176e+02
1.886859893799e+02
1.887840118408e+02
1.888847961426e+02
1.88983291626e+02
1.890830993652e+02
1.891826629639e+02
1.892824859619e+02
1.893834075928e+02
1.894831237793e+02
1.895828094482e+02
1.896825561523e+02
1.897821807861e+02
1.898821105957e+02
1.899817810059e+02
1.900817871094e+02
1.90180480957e+02
1.902797088623e+02
1.903791809082e+02
1.904788818359e+02
1.905785980225e+02
1.906782531738e+02
1.907779541016e+02
1.908775177002e+02
1.90977355957e+02
1.910770263672e+02
1.911766815186e+02
1.912763824463e+02
1.913760681152e+02
1.914742736816e+02
1.915739898682e+02
1.916748657227e+02
1.917733764648e+02
1.918742370605e+02
1.919739990234e+02
1.920738372803e+02
1.921734924316e+02
1.922731933594e+02
1.923729400635e+02
1.924726409912e+02
1.925723114014e+02
1.926719360352e+02
1.927716522217e+02
1.928713378906e+02
1.929710540771e+02
1.930707092285e+02
1.931704406738e+02
1.93268737793e+02
1.933684692383e+02
1.934681549072e+02
1.93567855835e+02
1.936675109863e+02
1.93767288208e+02
1.938670196533e+02
1.939666442871e+02
1.940675201416e+02
1.941672058105e+02
1.942669372559e+02
1.943653717041e+02
1.94465057373e+02
1.945648498535e+02
1.946645355225e+02
1.947641601562e+02
1.948639373779e+02
1.949636535645e+02
1.950633850098e+02
1.951631011963e+02
1.95263671875e+02
1.953632965088e+02
1.954630889893e+02
1.955627746582e+02
1.956624908447e+02
1.957620849609e+02
1.958618011475e+02
1.959617614746e+02
1.960614624023e+02
1.961611633301e+02
1.962609558105e+02
1.963606109619e+02
1.96460357666e+02
1.965588378906e+02
1.966584777832e+02
1.967581634521e+02
1.968578643799e+02
1.969576416016e+02
1.970575714111e+02
1.971569213867e+02
1.972567749023e+02
1.973564910889e+02
1.974561462402e+02
1.97555847168e+02
1.976555175781e+02
1.977551879883e+02
1.978549346924e+02
1.979546203613e+02
1.980543060303e+02
1.981540374756e+02
1.982537078857e+02
1.983533935547e+02
1.984530792236e+02
1.985537414551e+02
1.986533050537e+02
1.987531280518e+02
1.988527984619e+02
1.989524536133e+02
1.990521697998e+02
1.991519012451e+02
1.992516479492e+02
1.993513031006e+02
1.994510345459e+02
1.995506896973e+02
1.99650390625e+02
1.997500915527e+02
1.998497161865e+02
1.999494018555e+02
2.000490875244e+02
2.001488800049e+02
2.002485961914e+02
2.003482818604e+02
2.004480133057e+02
2.005476989746e+02
2.006473999023e+02
2.007471466064e+02
2.008468170166e+02
2.009465332031e+02
2.010461120605e+02
2.011458892822e+02
2.012456054688e+02
2.013453063965e+02
2.01445022583e+02
2.015447235107e+02
2.016443939209e+02
2.017440643311e+02
2.018437957764e+02
2.019425354004e+02
2.020421447754e+02
2.021419372559e+02
2.022415618896e+02
2.02341217041e+02
2.024410400391e+02
2.025407409668e+02
2.02640411377e+02
2.027400817871e+02
2.028406982422e+02
2.029394989014e+02
2.030391845703e+02
2.031388092041e+02
2.032386169434e+02
2.033382720947e+02
2.034379577637e+02
2.035385284424e+02
2.036382446289e+02
2.037379760742e+02
2.038375091553e+02
2.039372406006e+02
2.040369720459e+02
2.041369934082e+02
2.042364349365e+02
2.043361663818e+02
2.044357910156e+02
2.045355377197e+02
2.046352233887e+02
2.047348632813e+02
2.048345489502e+02
2.049342041016e+02
2.050338897705e+02
2.051336975098e+02
2.052336425781e+02
2.053329925537e+02
2.054326934814e+02
2.055322875977e+02
2.056320343018e+02
2.057317047119e+02
2.058314666748e+02
2.059311676025e+02
2.060308380127e+02
2.061304779053e+02
2.062301940918e+02
2.063302764893e+02
2.064296417236e+02
2.065293273926e+02
2.066290130615e+02
2.067287139893e+02
2.068283996582e+02
2.06928024292e+02
2.070278015137e+02
2.07126449585e+02
2.072262115479e+02
2.073259124756e+02
2.074256439209e+02
2.075253143311e+02
2.07625e+02
2.077246704102e+02
2.078243560791e+02
2.079239959717e+02
2.08023727417e+02
2.081234741211e+02
2.082231750488e+02
2.083238220215e+02
2.08423538208e+02
2.085234375e+02
2.086229248047e+02
2.08721572876e+02
2.088212432861e+02
2.089209899902e+02
2.090207061768e+02
2.091203308105e+02
2.092200927734e+02
2.09319732666e+02
2.094194030762e+02
2.0951902771e+02
2.096188659668e+02
2.097183990479e+02
2.098181304932e+02
2.099179077148e+02
2.100176239014e+02
2.101172790527e+02
2.102170257568e+02
2.103167114258e+02
2.104164123535e+02
2.105161132812e+02
2.10615814209e+02
2.107154541016e+02
2.10816116333e+02
2.109158325195e+02
2.110155334473e+02
2.111152191162e+02
2.112148895264e+02
2.113145904541e+02
2.114144744873e+02
2.115142822266e+02
2.116150817871e+02
2.117147979736e+02
2.118153076172e+02
2.119141845703e+02
2.120139312744e+02
2.121136169434e+02
2.122132873535e+02
2.12313293457e+02
2.124127044678e+02
2.125123748779e+02
2.126120605469e+02
2.12711730957e+02
2.128114013672e+02
2.129122009277e+02
2.130108032227e+02
2.131104888916e+02
2.132101745605e+02
2.133098449707e+02
2.134095458984e+02
2.135092468262e+02
2.136078643799e+02
2.137075195312e+02
2.138085174561e+02
2.139080047607e+02
2.140078582764e+02
2.141073760986e+02
2.142070922852e+02
2.143067779541e+02
2.144064941406e+02
2.14506149292e+02
2.146058807373e+02
2.147055511475e+02
2.148039855957e+02
2.149036712646e+02
2.150033874512e+02
2.151032714844e+02
2.152027740479e+02
2.153024749756e+02
2.154021759033e+02
2.155006256104e+02
2.156003112793e+02
2.157000274658e+02
2.158010253906e+02
2.159008331299e+02
2.160004425049e+02
2.161000976562e+02
2.1619972229e+02
2.162994842529e+02
2.16399230957e+02
2.164976501465e+02
2.165986480713e+02
2.166970214844e+02
2.167967224121e+02
2.168966522217e+02
2.1