5.852260112762e-01
6.788084506989e-01
7.784662246704e-01
8.781628608704e-01
9.778581619263e-01
1.077578663826e+00
1.178081154823e+00
1.277876973152e+00
1.377529025078e+00
1.477610468864e+00
1.577349424362e+00
1.677974462509e+00
1.777586460114e+00
1.877370834351e+00
1.97718501091e+00
2.076831102371e+00
2.176427602768e+00
2.276152849197e+00
2.375902414322e+00
2.475579500198e+00
2.575271844864e+00
2.674961566925e+00
2.77459526062e+00
2.874254465103e+00
2.973986148834e+00
3.07194185257e+00
3.171417474747e+00
3.272012472153e+00
3.371693849564e+00
3.471460103989e+00
3.571149587631e+00
3.670790672302e+00
3.770435571671e+00
3.870125770569e+00
3.969812631607e+00
4.069517612457e+00
4.16921377182e+00
4.268888473511e+00
4.367792129517e+00
4.467401981354e+00
4.567111492157e+00
4.666798591614e+00
4.766504764557e+00
4.866178035736e+00
4.965864181519e+00
5.066106796265e+00
5.165308475494e+00
5.264997005463e+00
5.365778923035e+00
5.465536117554e+00
5.565177440643e+00
5.66426897049e+00
5.763932704926e+00
5.863795757294e+00
5.963403701782e+00
6.06315612793e+00
6.162828445435e+00
6.262517929077e+00
6.36226272583e+00
6.461936473846e+00
6.561521530151e+00
6.660639762878e+00
6.760339736938e+00
6.860022544861e+00
6.959756851196e+00
7.059477806091e+00
7.159080028534e+00
7.258707046509e+00
7.358385562897e+00
7.45808506012e+00
7.557797908783e+00
7.658759117126e+00
7.758450508118e+00
7.857493877411e+00
7.956673145294e+00
8.057599067688e+00
8.157189369202e+00
8.256917953491e+00
8.356622695923e+00
8.456247329712e+00
8.555978775024e+00
8.655675888062e+00
8.7554063797e+00
8.855002403259e+00
8.954102516174e+00
9.053761482239e+00
9.153540611267e+00
9.253229141235e+00
9.352924346924e+00
9.452033996582e+00
9.551701545715e+00
9.651372909546e+00
9.751054763794e+00
9.850662231445e+00
9.950368881226e+00
1.005025291443e+01
1.014975070953e+01
1.024952411652e+01
1.03491268158e+01
1.044892597198e+01
1.054861354828e+01
1.064828872681e+01
1.074799156189e+01
1.08477230072e+01
1.0947306633e+01
1.104708862305e+01
1.114680099487e+01
1.124647712708e+01
1.134614944458e+01
1.144584751129e+01
1.154544258118e+01
1.16451883316e+01
1.174481964111e+01
1.184457302094e+01
1.194425106049e+01
1.204390907288e+01
1.214364051819e+01
1.224335098267e+01
1.234305477142e+01
1.244279003143e+01
1.254362297058e+01
1.264337921143e+01
1.274308395386e+01
1.284278678894e+01
1.294244480133e+01
1.304219055176e+01
1.314182853699e+01
1.324155044556e+01
1.334123325348e+01
1.344084072113e+01
1.35404624939e+01
1.364014148712e+01
1.373986530304e+01
1.38395690918e+01
1.393930244446e+01
1.403903484344e+01
1.413876628876e+01
1.423845386505e+01
1.433812522888e+01
1.443779754639e+01
1.453747844696e+01
1.463715362549e+01
1.473690414429e+01
1.483657455444e+01
1.493532180786e+01
1.50348443985e+01
1.51345539093e+01
1.52342634201e+01
1.533515167236e+01
1.54348077774e+01
1.553452396393e+01
1.563421821594e+01
1.573390293121e+01
1.583357810974e+01
1.593330669403e+01
1.60329990387e+01
1.613268852234e+01
1.623246574402e+01
1.633207130432e+01
1.64317855835e+01
1.653145027161e+01
1.663109016418e+01
1.673076057434e+01
1.683045578003e+01
1.693012809753e+01
1.702987289429e+01
1.712951469421e+01
1.722923469543e+01
1.732894515991e+01
1.742870903015e+01
1.752837944031e+01
1.762802505493e+01
1.772776985168e+01
1.782747650146e+01
1.792714309692e+01
1.802677726746e+01
1.812659072876e+01
1.822626686096e+01
1.832600593567e+01
1.842567634583e+01
1.852535438538e+01
1.862508392334e+01
1.87248249054e+01
1.882451820374e+01
1.892420005798e+01
1.902389526367e+01
1.912480545044e+01
1.92247428894e+01
1.932442092896e+01
1.942414474487e+01
1.952384185791e+01
1.962370491028e+01
1.972324180603e+01
1.982292747498e+01
1.992287826538e+01
2.002231025696e+01
2.012202835083e+01
2.022172737122e+01
2.032144355774e+01
2.042115402222e+01
2.052086639404e+01
2.062054824829e+01
2.072051429749e+01
2.08199596405e+01
2.091940498352e+01
2.101939201355e+01
2.111907958984e+01
2.121879577637e+01
2.131849861145e+01
2.141814994812e+01
2.151784515381e+01
2.161752891541e+01
2.171723556519e+01
2.181723594666e+01
2.191664505005e+01
2.201630592346e+01
2.211598968506e+01
2.221567726135e+01
2.231538200378e+01
2.241508674622e+01
2.251475906372e+01
2.261447143555e+01
2.271418380737e+01
2.281388282776e+01
2.291358566284e+01
2.301327133179e+01
2.311119651794e+01
2.321091651917e+01
2.331071662903e+01
2.341062164307e+01
2.350909805298e+01
2.360873031616e+01
2.370844650269e+01
2.380818748474e+01
2.390798950195e+01
2.400770378113e+01
2.410736083984e+01
2.420710372925e+01
2.430678939819e+01
2.44063835144e+01
2.450603675842e+01
2.460573196411e+01
2.470547485352e+01
2.480514717102e+01
2.490481376648e+01
2.500444793701e+01
2.510412979126e+01
2.520376968384e+01
2.530373382568e+01
2.540330696106e+01
2.5502866745e+01
2.560266876221e+01
2.570233917236e+01
2.580195426941e+01
2.590181732178e+01
2.600137901306e+01
2.610114860535e+01
2.620080757141e+01
2.63004989624e+01
2.640021324158e+01
2.649984741211e+01
2.659957885742e+01
2.669929695129e+01
2.679896354675e+01
2.689873123169e+01
2.699836540222e+01
2.709804534912e+01
2.719777488708e+01
2.729741096497e+01
2.73971786499e+01
2.749679756165e+01
2.75965461731e+01
2.769617271423e+01
2.779595565796e+01
2.789554214478e+01
2.799527359009e+01
2.809506225586e+01
2.819472312927e+01
2.829442024231e+01
2.839415168762e+01
2.84940738678e+01
2.859354400635e+01
2.869326591492e+01
2.879294395447e+01
2.88925113678e+01
2.899222564697e+01
2.909188270569e+01
2.919166755676e+01
2.929126358032e+01
2.939094352722e+01
2.949073219299e+01
2.959050178528e+01
2.969009399414e+01
2.978985023499e+01
2.988948249817e+01
2.998918151855e+01
3.00888710022e+01
3.018855476379e+01
3.028833198547e+01
3.038796615601e+01
3.048962211609e+01
3.058937072754e+01
3.068906593323e+01
3.078876113892e+01
3.088646888733e+01
3.098713111877e+01
3.108671569824e+01
3.118637466431e+01
3.128616905212e+01
3.138580513e+01
3.148545074463e+01
3.158529281616e+01
3.168498802185e+01
3.178468894958e+01
3.188466644287e+01
3.198440361023e+01
3.20841255188e+01
3.218381118774e+01
3.228350067139e+01
3.238314437866e+01
3.248281860352e+01
3.258261871338e+01
3.268228149414e+01
3.27819442749e+01
3.288167572021e+01
3.298129272461e+01
3.308111572266e+01
3.318075942993e+01
3.32804069519e+01
3.338011932373e+01
3.347982788086e+01
3.357953643799e+01
3.367918395996e+01
3.377963256836e+01
3.387744903564e+01
3.397701644897e+01
3.407671737671e+01
3.417821121216e+01
3.42781867981e+01
3.437786483765e+01
3.447756958008e+01
3.457718658447e+01
3.467476272583e+01
3.477446746826e+01
3.487517166138e+01
3.497479248047e+01
3.507458877563e+01
3.51745262146e+01
3.527424240112e+01
3.537392807007e+01
3.547362136841e+01
3.557333755493e+01
3.5672996521e+01
3.577265930176e+01
3.587232208252e+01
3.597197723389e+01
3.607166671753e+01
3.617144775391e+01
3.627109909058e+01
3.63708152771e+01
3.647048568726e+01
3.657013702393e+01
3.666983032227e+01
3.676953125e+01
3.686920928955e+01
3.696887969971e+01
3.706854629517e+01
3.716817855835e+01
3.726795196533e+01
3.736764526367e+01
3.746733093262e+01
3.756692504883e+01
3.766668319702e+01
3.776631164551e+01
3.786598205566e+01
3.796578979492e+01
3.806537628174e+01
3.816510009766e+01
3.82647819519e+01
3.836443328857e+01
3.846415710449e+01
3.856383895874e+01
3.866353607178e+01
3.876431655884e+01
3.886154937744e+01
3.896123886108e+01
3.906090164185e+01
3.916059494019e+01
3.926024627686e+01
3.935997009277e+01
3.946063995361e+01
3.955931091309e+01
3.965900039673e+01
3.976079177856e+01
3.98604850769e+01
3.996014404297e+01
4.00598526001e+01
4.015951156616e+01
4.02592048645e+01
4.035892868042e+01
4.045895004272e+01
4.055832672119e+01
4.065799713135e+01
4.075559997559e+01
4.085530090332e+01
4.095600509644e+01
4.105477142334e+01
4.115447235107e+01
4.12540512085e+01
4.135381698608e+01
4.145365142822e+01
4.155325698853e+01
4.165291976929e+01
4.175386047363e+01
4.185353088379e+01
4.195322036743e+01
4.205291366577e+01
4.215264511108e+01
4.225229644775e+01
4.235198974609e+01
4.245170211792e+01
4.25513381958e+01
4.265093231201e+01
4.275074005127e+01
4.28504486084e+01
4.295010757446e+01
4.304977798462e+01
4.31494102478e+01
4.324909973145e+01
4.334987640381e+01
4.344980621338e+01
4.354948806763e+01
4.36478729248e+01
4.374755477905e+01
4.384725570679e+01
4.394694519043e+01
4.404662322998e+01
4.414631652832e+01
4.424599075317e+01
4.434567260742e+01
4.444541168213e+01
4.454764556885e+01
4.464473724365e+01
4.474443435669e+01
4.48443145752e+01
4.494400787354e+01
4.504489517212e+01
4.514451599121e+01
4.524408721924e+01
4.534245300293e+01
4.544355773926e+01
4.55432434082e+01
4.564294433594e+01
4.574245071411e+01
4.584210968018e+01
4.594186019897e+01
4.604153823853e+01
4.614116668701e+01
4.624106216431e+01
4.634055328369e+01
4.644031524658e+01
4.654014587402e+01
4.663957977295e+01
4.673946380615e+01
4.683909988403e+01
4.693880844116e+01
4.703856658936e+01
4.713650131226e+01
4.723623657227e+01
4.733622360229e+01
4.743593978882e+01
4.753561019897e+01
4.763537979126e+01
4.773499679565e+01
4.78346824646e+01
4.793436813354e+01
4.803411865234e+01
4.813375091553e+01
4.823347091675e+01
4.833317184448e+01
4.843290710449e+01
4.853252029419e+01
4.863215637207e+01
4.873188400269e+01
4.883160018921e+01
4.8931224823e+01
4.903091430664e+01
4.913067245483e+01
4.923041915894e+01
4.933008956909e+01
4.942974853516e+01
4.952949142456e+01
4.962916564941e+01
4.972882080078e+01
4.982851409912e+01
4.992824172974e+01
5.002784729004e+01
5.012756729126e+01
5.022727966309e+01
5.032699203491e+01
5.04266242981e+01
5.052630615234e+01
5.062602615356e+01
5.072573852539e+01
5.082537078857e+01
5.092507553101e+01
5.102472686768e+01
5.11244354248e+01
5.122408294678e+01
5.132371520996e+01
5.142343902588e+01
5.152309799194e+01
5.162277603149e+01
5.172257995605e+01
5.182217788696e+01
5.192188644409e+01
5.202163314819e+01
5.212125015259e+01
5.222093963623e+01
5.232069015503e+01
5.242036819458e+01
5.252006530762e+01
5.261977386475e+01
5.27194519043e+01
5.281913757324e+01
5.291883850098e+01
5.301849746704e+01
5.31181602478e+01
5.321788024902e+01
5.331755447388e+01
5.341716766357e+01
5.351689147949e+01
5.361654281616e+01
5.371625137329e+01
5.381601333618e+01
5.391563415527e+01
5.401530075073e+01
5.411498641968e+01
5.421468734741e+01
5.431436538696e+01
5.441400146484e+01
5.451368331909e+01
5.461338043213e+01
5.471305847168e+01
5.481278610229e+01
5.491242980957e+01
5.50121307373e+01
5.51117401123e+01
5.521146011353e+01
5.531111907959e+01
5.541082763672e+01
5.551056289673e+01
5.561018371582e+01
5.570983886719e+01
5.58095664978e+01
5.590927124023e+01
5.600893783569e+01
5.610863494873e+01
5.620830917358e+01
5.630797195435e+01
5.640767288208e+01
5.650732803345e+01
5.660704421997e+01
5.670670700073e+01
5.680637359619e+01
5.690609359741e+01
5.700576019287e+01
5.710541152954e+01
5.7205078125e+01
5.730475997925e+01
5.740440368652e+01
5.750406265259e+01
5.760372543335e+01
5.770344543457e+01
5.780311584473e+01
5.790287017822e+01
5.800255584717e+01
5.810231399536e+01
5.82020072937e+01
5.830169677734e+01
5.840132522583e+01
5.850104141235e+01
5.8600730896e+01
5.870042800903e+01
5.880011367798e+01
5.889976501465e+01
5.899945449829e+01
5.909921264648e+01
5.919886016846e+01
5.929853439331e+01
5.939826965332e+01
5.949794006348e+01
5.959763717651e+01
5.969732284546e+01
5.979700088501e+01
5.989670181274e+01
5.999635314941e+01
6.009604644775e+01
6.019576644897e+01
6.029542922974e+01
6.039515304565e+01
6.049482727051e+01
6.059450912476e+01
6.069422912598e+01
6.079389572144e+01
6.089359283447e+01
6.099325942993e+01
6.109294509888e+01
6.119263458252e+01
6.129232406616e+01
6.139167404175e+01
6.14913444519e+01
6.159106826782e+01
6.169075012207e+01
6.179050827026e+01
6.189015197754e+01
6.198980331421e+01
6.208949279785e+01
6.218827056885e+01
6.228797149658e+01
6.238790512085e+01
6.248727035522e+01
6.25870513916e+01
6.268677139282e+01
6.27885055542e+01
6.28860244751e+01
6.29857749939e+01
6.308543395996e+01
6.318516540527e+01
6.328486251831e+01
6.338457489014e+01
6.348426818848e+01
6.358392715454e+01
6.368362808228e+01
6.378433609009e+01
6.388409042358e+01
6.398377227783e+01
6.408345794678e+01
6.418321228027e+01
6.428287506104e+01
6.438256835937e+01
6.448138427734e+01
6.458316802979e+01
6.468282318115e+01
6.478040313721e+01
6.488006591797e+01
6.497978973389e+01
6.507946777344e+01
6.517929077148e+01
6.527904510498e+01
6.537869262695e+01
6.547827148438e+01
6.55779800415e+01
6.567870330811e+01
6.57787399292e+01
6.587847900391e+01
6.597828674316e+01
6.607753753662e+01
6.617722320557e+01
6.627732086182e+01
6.637696838379e+01
6.647662353516e+01
6.657636260986e+01
6.667609405518e+01
6.677574157715e+01
6.687551116943e+01
6.697383117676e+01
6.70735244751e+01
6.71734085083e+01
6.727308654785e+01
6.737275695801e+01
6.747359466553e+01
6.75732421875e+01
6.767293548584e+01
6.777259063721e+01
6.78736114502e+01
6.797332000732e+01
6.807259368896e+01
6.817248535156e+01
6.827220916748e+01
6.837226867676e+01
6.847179412842e+01
6.857145690918e+01
6.867113494873e+01
6.877087402344e+01
6.887054443359e+01
6.897023010254e+01
6.906990814209e+01
6.917065429687e+01
6.927043151855e+01
6.936763000488e+01
6.946871185303e+01
6.956727600098e+01
6.966674041748e+01
6.9766456604e+01
6.986758422852e+01
6.996719360352e+01
7.006551361084e+01
7.016521453857e+01
7.02649230957e+01
7.03648223877e+01
7.046543121338e+01
7.056662750244e+01
7.066508483887e+01
7.076372528076e+01
7.086317443848e+01
7.096286773682e+01
7.106256103516e+01
7.116078186035e+01
7.126048278809e+01
7.1360206604e+01
7.145988464355e+01
7.155968475342e+01
7.165939331055e+01
7.175914001465e+01
7.185875701904e+01
7.195845031738e+01
7.205804443359e+01
7.215783691406e+01
7.225752258301e+01
7.235711669922e+01
7.245690155029e+01
7.25564956665e+01
7.265619659424e+01
7.275592041016e+01
7.28556137085e+01
7.295530700684e+01
7.30548248291e+01
7.315465545654e+01
7.325437164307e+01
7.335404968262e+01
7.345475006104e+01
7.35544052124e+01
7.365412902832e+01
7.375379180908e+01
7.385347747803e+01
7.395318603516e+01
7.405296325684e+01
7.415254974365e+01
7.425228881836e+01
7.435193634033e+01
7.445165252686e+01
7.455132293701e+01
7.465100097656e+01
7.475074005127e+01
7.485036468506e+01
7.495013427734e+01
7.50498046875e+01
7.514945983887e+01
7.52491607666e+01
7.534789276123e+01
7.544761657715e+01
7.554730224609e+01
7.564796447754e+01
7.574765777588e+01
7.58473815918e+01
7.594702911377e+01
7.604571533203e+01
7.614539337158e+01
7.624519348145e+01
7.634484863281e+01
7.644451904297e+01
7.654421234131e+01
7.664385223389e+01
7.674353027344e+01
7.684326934814e+01
7.694291687012e+01
7.704261016846e+01
7.71423034668e+01
7.724195098877e+01
7.734167480469e+01
7.744136047363e+01
7.754105377197e+01
7.76407699585e+01
7.77405090332e+01
7.784014129639e+01
7.793976593018e+01
7.803950500488e+01
7.813918304443e+01
7.823886871338e+01
7.833899688721e+01
7.84384765625e+01
7.85379486084e+01
7.863768005371e+01
7.873739624023e+01
7.88370513916e+01
7.893675994873e+01
7.903652954102e+01
7.913613891602e+01
7.923580169678e+01
7.933551025391e+01
7.943524932861e+01
7.953492736816e+01
7.96346282959e+01
7.973429107666e+01
7.983409881592e+01
7.993367767334e+01
8.003339385986e+01
8.013307189941e+01
8.023278045654e+01
8.033245849609e+01
8.043227386475e+01
8.053321838379e+01
8.063294219971e+01
8.073265075684e+01
8.083232879639e+01
8.093206787109e+01
8.103176116943e+01
8.113146209717e+01
8.123114013672e+01
8.133090209961e+01
8.143051147461e+01
8.153021240234e+01
8.162989044189e+01
8.172967529297e+01
8.182931518555e+01
8.192903900146e+01
8.202874755859e+01
8.212839508057e+01
8.222813415527e+01
8.232781982422e+01
8.242749023438e+01
8.252722167969e+01
8.262692260742e+01
8.272657775879e+01
8.282625579834e+01
8.292596435547e+01
8.302565002441e+01
8.312534332275e+01
8.32250289917e+01
8.332472229004e+01
8.342446899414e+01
8.352414703369e+01
8.362380981445e+01
8.372351074219e+01
8.382321166992e+01
8.392291259766e+01
8.402119445801e+01
8.41209487915e+01
8.422064208984e+01
8.432032775879e+01
8.442002868652e+01
8.451976013184e+01
8.462158966064e+01
8.472132110596e+01
8.48210067749e+01
8.492068481445e+01
8.501820373535e+01
8.511789703369e+01
8.521762084961e+01
8.531728363037e+01
8.541697692871e+01
8.551671600342e+01
8.5616355896e+01
8.571745300293e+01
8.58171005249e+01
8.591690826416e+01
8.601657867432e+01
8.61162109375e+01
8.621587371826e+01
8.631564331055e+01
8.641529083252e+01
8.651504516602e+01
8.661470794678e+01
8.67144241333e+01
8.681408691406e+01
8.691374969482e+01
8.701217651367e+01
8.711182403564e+01
8.721150970459e+01
8.731120300293e+01
8.741198730469e+01
8.75115814209e+01
8.761138916016e+01
8.771104431152e+01
8.781066131592e+01
8.791036224365e+01
8.801007080078e+01
8.810984039307e+01
8.820963287354e+01
8.830937194824e+01
8.840913391113e+01
8.850873565674e+01
8.860840606689e+01
8.870812225342e+01
8.880787658691e+01
8.890754699707e+01
8.900720977783e+01
8.910694122314e+01
8.920663452148e+01
8.930651855469e+01
8.940606689453e+01
8.95057144165e+01
8.960539245605e+01
8.970509338379e+01
8.980490875244e+01
8.990458679199e+01
9.000423431396e+01
9.010390472412e+01
9.020362091064e+01
9.030334472656e+01
9.040303039551e+01
9.050270080566e+01
9.060242462158e+01
9.070215606689e+01
9.080184936523e+01
9.0901512146e+01
9.100122833252e+01
9.110092163086e+01
9.120067596436e+01
9.130037689209e+01
9.140121459961e+01
9.15011138916e+01
9.159956359863e+01
9.169918823242e+01
9.180020904541e+01
9.189966583252e+01
9.199961090088e+01
9.209906768799e+01
9.219897460937e+01
9.22986831665e+01
9.23981628418e+01
9.249805450439e+01
9.259753417969e+01
9.269723510742e+01
9.279714202881e+01
9.289550018311e+01
9.299514007568e+01
9.309490203857e+01
9.319458770752e+01
9.329446411133e+01
9.33966293335e+01
9.34963684082e+01
9.359608459473e+01
9.369569396973e+01
9.379537963867e+01
9.389479064941e+01
9.399479675293e+01
9.40944519043e+01
9.419413757324e+01
9.429234313965e+01
9.439181518555e+01
9.449182128906e+01
9.459120178223e+01
9.469087219238e+01
9.479054260254e+01
9.489023590088e+01
9.498983001709e+01
9.508999633789e+01
9.518793487549e+01
9.528763580322e+01
9.538749694824e+01
9.548734283447e+01
9.558708953857e+01
9.568659210205e+01
9.578618621826e+01
9.588592529297e+01
9.598559570312e+01
9.608526611328e+01
9.618502044678e+01
9.628467559814e+01
9.638436889648e+01
9.648411560059e+01
9.658378601074e+01
9.668347167969e+01
9.678314971924e+01
9.688285064697e+01
9.698257446289e+01
9.708233642578e+01
9.718218231201e+01
9.728161621094e+01
9.73816986084e+01
9.748142242432e+01
9.758108520508e+01
9.76808013916e+01
9.778056335449e+01
9.788019561768e+01
9.797982025146e+01
9.807965087891e+01
9.817931365967e+01
9.827898406982e+01
9.837873077393e+01
9.847843170166e+01
9.857810211182e+01
9.867781829834e+01
9.877751922607e+01
9.887715911865e+01
9.897687530518e+01
9.907654571533e+01
9.917624664307e+01
9.927477264404e+01
9.937441253662e+01
9.947394561768e+01
9.957363891602e+01
9.967477416992e+01
9.977304840088e+01
9.987273406982e+01
9.997248077393e+01
1.000722427368e+02
1.001718902588e+02
1.002717514038e+02
1.003712997437e+02
1.004709854126e+02
1.005718231201e+02
1.006704177856e+02
1.00770072937e+02
1.008697509766e+02
1.009696731567e+02
1.010693283081e+02
1.011689376831e+02
1.012687683105e+02
1.013683853149e+02
1.014681015015e+02
1.015678024292e+02
1.016673355103e+02
1.017672805786e+02
1.018669815063e+02
1.019665374756e+02
1.020663146973e+02
1.021659622192e+02
1.02265586853e+02
1.023653335571e+02
1.024663162231e+02
1.025659561157e+02
1.026656723022e+02
1.02765335083e+02
1.028650436401e+02
1.029633865356e+02
1.030630874634e+02
1.03164932251e+02
1.032646408081e+02
1.033643341064e+02
1.034640655518e+02
1.03563621521e+02
1.036618728638e+02
1.037610397339e+02
1.038607406616e+02
1.03960357666e+02
1.04060005188e+02
1.041597671509e+02
1.042595596313e+02
1.043592605591e+02
1.044602203369e+02
1.045598754883e+02
1.046597518921e+02
1.047592697144e+02
1.048589859009e+02
1.04958656311e+02
1.050583724976e+02
1.051588897705e+02
1.052574539185e+02
1.053571395874e+02
1.054568557739e+02
1.055565490723e+02
1.056562347412e+02
1.057558670044e+02
1.058555984497e+02
1.05955368042e+02
1.060550231934e+02
1.061547164917e+02
1.062544021606e+02
1.06354057312e+02
1.064537506104e+02
1.065533676147e+02
1.066531677246e+02
1.067528457642e+02
1.068525238037e+02
1.069521789551e+02
1.070519104004e+02
1.071516189575e+02
1.072512283325e+02
1.073509216309e+02
1.074507446289e+02
1.075503616333e+02
1.076500167847e+02
1.077497406006e+02
1.07849395752e+02
1.079491958618e+02
1.08048789978e+02
1.081484832764e+02
1.082483062744e+02
1.083479766846e+02
1.084476013184e+02
1.085473098755e+02
1.086459503174e+02
1.087477645874e+02
1.088474578857e+02
1.089471130371e+02
1.090468292236e+02
1.091465606689e+02
1.092463226318e+02
1.093459091187e+02
1.094455947876e+02
1.095453338623e+02
1.096450119019e+02
1.097446975708e+02
1.098443984985e+02
1.099442214966e+02
1.100439071655e+02
1.101435089111e+02
1.102432403564e+02
1.10342918396e+02
1.104426193237e+02
1.105423736572e+02
1.106420059204e+02
1.107416610718e+02
1.108413772583e+02
1.109411392212e+02
1.110408477783e+02
1.111405258179e+02
1.112402572632e+02
1.11339881897e+02
1.114395751953e+02
1.115393600464e+02
1.116390609741e+02
1.117386703491e+02
1.118384246826e+02
1.119380950928e+02
1.120378646851e+02
1.121375961304e+02
1.122372970581e+02
1.123369903564e+02
1.124365921021e+02
1.125363540649e+02
1.126361083984e+02
1.127357635498e+02
1.128354415894e+02
1.129352340698e+02
1.130348434448e+02
1.131344909668e+02
1.132343444824e+02
1.13334022522e+02
1.134336090088e+02
1.135332870483e+02
1.136329650879e+02
1.137326278687e+02
1.138323822021e+02
1.139320449829e+02
1.140317993164e+02
1.141314315796e+02
1.142311935425e+02
1.143307876587e+02
1.144305953979e+02
1.145301589966e+02
1.146300048828e+02
1.147297210693e+02
1.148293075562e+02
1.149290084839e+02
1.15028678894e+02
1.151283798218e+02
1.152281417847e+02
1.153278274536e+02
1.154275131226e+02
1.155288925171e+02
1.156285858154e+02
1.157282943726e+02
1.158276596069e+02
1.159276809692e+02
1.16027381897e+02
1.16126953125e+02
1.162268066406e+02
1.163264846802e+02
1.164261856079e+02
1.165258483887e+02
1.166254959106e+02
1.167252426147e+02
1.168246078491e+02
1.169245300293e+02
1.17024269104e+02
1.171240310669e+02
1.17223777771e+02
1.17323097229e+02
1.174231033325e+02
1.175228271484e+02
1.176224975586e+02
1.177221832275e+02
1.178218841553e+02
1.179216156006e+02
1.180212936401e+02
1.181209106445e+02
1.182205200195e+02
1.183202209473e+02
1.184199142456e+02
1.185196075439e+02
1.186194839478e+02
1.187191619873e+02
1.18818572998e+02
1.189183349609e+02
1.190179977417e+02
1.191179504395e+02
1.192154693604e+02
1.193152008057e+02
1.194151229858e+02
1.195148925781e+02
1.196145935059e+02
1.197143859863e+02
1.198140487671e+02
1.199136657715e+02
1.200134429932e+02
1.201130905151e+02
1.202127151489e+02
1.203125076294e+02
1.204121856689e+02
1.205118865967e+02
1.206115951538e+02
1.207112121582e+02
1.208108978271e+02
1.209106063843e+02
1.210103912354e+02
1.211100234985e+02
1.212097854614e+02
1.213076324463e+02
1.214091720581e+02
1.215089569092e+02
1.216065292358e+02
1.217062683105e+02
1.218067550659e+02
1.219056777954e+02
1.220054321289e+02
1.221050415039e+02
1.222046127319e+02
1.223042984009e+02
1.224040756226e+02
1.225037918091e+02
1.226034851074e+02
1.227031707764e+02
1.228028259277e+02
1.229024887085e+02
1.230022583008e+02
1.231019592285e+02
1.232016525269e+02
1.233013458252e+02
1.234010391235e+02
1.235008010864e+02
1.236005172729e+02
1.237000427246e+02
1.238007354736e+02
1.239006271362e+02
1.240001678467e+02
1.24099899292e+02
1.241995697021e+02
1.242992553711e+02
1.24399017334e+02
1.244986572266e+02
1.245984420776e+02
1.246981506348e+02
1.247978286743e+02
1.248977966309e+02
1.249974746704e+02
1.250972213745e+02
1.251969223022e+02
1.252966079712e+02
1.253963165283e+02
1.254960861206e+02
1.255957336426e+02
1.256953887939e+02
1.25795173645e+02
1.258948287964e+02
1.259945907593e+02
1.260942764282e+02
1.261939544678e+02
1.262936935425e+02
1.263933563232e+02
1.264930877686e+02
1.265928039551e+02
1.266924743652e+02
1.267921447754e+02
1.268905105591e+02
1.269912261963e+02
1.270910186768e+02
1.271906738281e+02
1.272903518677e+02
1.273900909424e+02
1.274897994995e+02
1.27589515686e+02
1.276892166138e+02
1.277889099121e+02
1.27887588501e+02
1.279872436523e+02
1.280870361328e+02
1.281866607666e+02
1.282864074707e+02
1.283861083984e+02
1.284856872559e+02
1.2858543396e+02
1.286851043701e+02
1.287848205566e+02
1.288847808838e+02
1.289841766357e+02
1.29083984375e+02
1.291836700439e+02
1.29283416748e+02
1.293830718994e+02
1.29482711792e+02
1.295846710205e+02
1.296842956543e+02
1.297838592529e+02
1.298836364746e+02
1.299832763672e+02
1.300830383301e+02
1.301827392578e+02
1.302803344727e+02
1.303800506592e+02
1.304798431396e+02
1.305795440674e+02
1.306805267334e+02
1.307801361084e+02
1.308799285889e+02
1.309795532227e+02
1.31079284668e+02
1.311790008545e+02
1.312786712646e+02
1.313783721924e+02
1.314768066406e+02
1.315763549805e+02
1.316761779785e+02
1.317758789062e+02
1.318754425049e+02
1.319753265381e+02
1.320751037598e+02
1.321746063232e+02
1.322743835449e+02
1.323739776611e+02
1.324736022949e+02
1.32573425293e+02
1.326730194092e+02
1.327740478516e+02
1.328737182617e+02
1.329734344482e+02
1.330723876953e+02
1.331723480225e+02
1.332723846436e+02
1.333718414307e+02
1.334715270996e+02
1.335713653564e+02
1.336709136963e+02
1.337706604004e+02
1.33870300293e+02
1.339700012207e+02
1.340697479248e+02
1.341693878174e+02
1.342690887451e+02
1.343688049316e+02
1.344685211182e+02
1.345681915283e+02
1.346679077148e+02
1.347675933838e+02
1.348672637939e+02
1.349669494629e+02
1.350666503906e+02
1.351664428711e+02
1.352660827637e+02
1.353657226562e+02
1.354653930664e+02
1.355651092529e+02
1.356648101807e+02
1.357644958496e+02
1.358641967773e+02
1.359639282227e+02
1.360635986328e+02
1.361632843018e+02
1.362629547119e+02
1.363626556396e+02
1.364623260498e+02
1.365620574951e+02
1.366617431641e+02
1.367614440918e+02
1.368611907959e+02
1.369608459473e+02
1.370605316162e+02
1.371602325439e+02
1.372598724365e+02
1.373595428467e+02
1.374592437744e+02
1.375589599609e+02
1.376586303711e+02
1.377583312988e+02
1.378580169678e+02
1.379602508545e+02
1.380572814941e+02
1.381572875977e+02
1.382568969727e+02
1.383565826416e+02
1.384563140869e+02
1.385563964844e+02
1.386560211182e+02
1.387544250488e+02
1.388541412354e+02
1.389538116455e+02
1.390544891357e+02
1.391531219482e+02
1.392541809082e+02
1.393538208008e+02
1.394535675049e+02
1.395545501709e+02
1.396542663574e+02
1.397538452148e+02
1.398536376953e+02
1.399533691406e+02
1.400527954102e+02
1.401524963379e+02
1.402521972656e+02
1.403519134521e+02
1.404515686035e+02
1.405512084961e+02
1.406509246826e+02
1.407506103516e+02
1.40850112915e+02
1.409499816895e+02
1.41049697876e+02
1.411493377686e+02
1.412490692139e+02
1.413489532471e+02
1.414484100342e+02
1.415481109619e+02
1.416477966309e+02
1.417474822998e+02
1.418472290039e+02
1.419469146729e+02
1.42046661377e+02
1.421462402344e+02
1.422460327148e+02
1.423456268311e+02
1.424456176758e+02
1.425451812744e+02
1.426448669434e+02
1.427447509766e+02
1.4284425354e+02
1.429439239502e+02
1.430429840088e+02
1.431432495117e+02
1.432412719727e+02
1.433410644531e+02
1.434410095215e+02
1.435407409668e+02
1.436404876709e+02
1.437401123047e+02
1.438399047852e+02
1.439394989014e+02
1.440392456055e+02
1.441389312744e+02
1.442386932373e+02
1.443382720947e+02
1.444380187988e+02
1.445377044678e+02
1.446374206543e+02
1.44737121582e+02
1.448368225098e+02
1.449364318848e+02
1.450362091064e+02
1.451358184814e+02
1.452355957031e+02
1.453352661133e+02
1.454349365234e+02
1.455347137451e+02
1.456343383789e+02
1.457340698242e+02
1.458337554932e+02
1.459333953857e+02
1.460331420898e+02
1.461327667236e+02
1.462324676514e+02
1.463322296143e+02
1.464319915771e+02
1.465316314697e+02
1.466313018799e+02
1.4673097229e+02
1.468306884766e+02
1.469303588867e+02
1.470300598145e+02
1.471297607422e+02
1.472294464111e+02
1.473291931152e+02
1.474288635254e+02
1.475285339355e+02
1.476282501221e+02
1.477278900146e+02
1.478276367188e+02
1.479273071289e+02
1.480270385742e+02
1.481253356934e+02
1.482251281738e+02
1.483247680664e+02
1.484244689941e+02
1.485241699219e+02
1.486240844727e+02
1.487235717773e+02
1.488233337402e+02
1.489230041504e+02
1.490235900879e+02
1.491233520508e+02
1.492230682373e+02
1.493227233887e+02
1.494224853516e+02
1.495222320557e+02
1.496219329834e+02
1.497215118408e+02
1.498212738037e+02
1.499209594727e+02
1.500206604004e+02
1.501202850342e+02
1.502200317383e+02
1.5031980896e+02
1.504194488525e+02
1.505191192627e+02
1.506188049316e+02
1.507185821533e+02
1.508183135986e+02
1.509181213379e+02
1.510178527832e+02
1.511176147461e+02
1.512173309326e+02
1.513157043457e+02
1.514167022705e+02
1.515163269043e+02
1.516160430908e+02
1.51715637207e+02
1.518152770996e+02
1.519150543213e+02
1.520146636963e+02
1.521143188477e+02
1.52214050293e+02
1.523137817383e+02
1.524134979248e+02
1.525131378174e+02
1.526128234863e+02
1.527125396729e+02
1.528121643066e+02
1.52911895752e+02
1.530115814209e+02
1.531114959717e+02
1.532111206055e+02
1.533108825684e+02
1.534105987549e+02
1.535102844238e+02
1.536100158691e+02
1.537096252441e+02
1.538080749512e+02
1.539078369141e+02
1.540073852539e+02
1.541069946289e+02
1.54206817627e+02
1.543063964844e+02
1.544061126709e+02
1.545057525635e+02
1.546068267822e+02
1.547065582275e+02
1.548062438965e+02
1.549058837891e+02
1.550055847168e+02
1.551052398682e+02
1.552050323486e+02
1.553046722412e+02
1.554039459229e+02
1.555037231445e+02
1.556033630371e+02
1.557031097412e+02
1.558028717041e+02
1.559025268555e+02
1.560021820068e+02
1.561019897461e+02
1.562015686035e+02
1.563012542725e+02
1.564009552002e+02
1.565007171631e+02
1.566004180908e+02
1.566989898682e+02
1.567991943359e+02
1.568985137939e+02
1.569995117187e+02
1.570991821289e+02
1.571988220215e+02
1.572984924316e+02
1.573982391357e+02
1.574980010986e+02
1.575976257324e+02
1.576973266602e+02
1.577971038818e+02
1.578964996338e+02
1.579961700439e+02
1.580957489014e+02
1.581955413818e+02
1.582952728271e+02
1.583950653076e+02
1.584946136475e+02
1.585942687988e+02
1.586939849854e+02
1.587938079834e+02
1.588935699463e+02
1.589932098389e+02
1.590929718018e+02
1.591926727295e+02
1.592923736572e+02
1.593910827637e+02
1.594907226562e+02
1.595905151367e+02
1.596903076172e+02
1.597900085449e+02
1.59890838623e+02
1.599905853271e+02
1.600889282227e+02
1.601886749268e+02
1.602882843018e+02
1.603879852295e+02
1.604877929687e+02
1.605874023437e+02
1.606885070801e+02
1.607881469727e+02
1.608876037598e+02
1.609872436523e+02
1.610869903564e+02
1.611865692139e+02
1.612862854004e+02
1.613860931396e+02
1.614857177734e+02
1.615853729248e+02
1.616851654053e+02
1.617849121094e+02
1.618845214844e+02
1.619842529297e+02
1.620839996338e+02
1.621836853027e+02
1.622833862305e+02
1.623829956055e+02
1.62482711792e+02
1.625824737549e+02
1.626821899414e+02
1.627818756104e+02
1.628814697266e+02
1.62981262207e+02
1.630809936523e+02
1.631806793213e+02
1.632805480957e+02
1.633802337646e+02
1.634799194336e+02
1.635809936523e+02
1.636807098389e+02
1.637803955078e+02
1.638800964355e+02
1.639797821045e+02
1.640794830322e+02
1.641777801514e+02
1.642774658203e+02
1.643773040771e+02
1.644783325195e+02
1.645777587891e+02
1.646777038574e+02
1.647774200439e+02
1.648773651123e+02
1.649765930176e+02
1.650762939453e+02
1.651760253906e+02
1.652756652832e+02
1.653759307861e+02
1.654752349854e+02
1.655749664307e+02
1.656746368408e+02
1.657743377686e+02
1.658740386963e+02
1.659737091064e+02
1.6607472229e+02
1.661743927002e+02
1.662740783691e+02
1.663738861084e+02
1.664734954834e+02
1.665731658936e+02
1.666725921631e+02
1.667725830078e+02
1.668722839355e+02
1.669719848633e+02
1.670716552734e+02
1.671713867188e+02
1.672689056396e+02
1.673686218262e+02
1.674686431885e+02
1.675682830811e+02
1.676680755615e+02
1.677677459717e+02
1.678674468994e+02
1.67967086792e+02
1.680667724609e+02
1.681664581299e+02
1.682661895752e+02
1.683657989502e+02
1.684655303955e+02
1.685651855469e+02
1.686649017334e+02
1.687646789551e+02
1.68864364624e+02
1.689640045166e+02
1.690638275146e+02
1.691635131836e+02
1.69263092041e+02
1.693627929688e+02
1.694625244141e+02
1.695621948242e+02
1.696619415283e+02
1.697615966797e+02
1.698612365723e+02
1.699609985352e+02
1.700606842041e+02
1.701604003906e+02
1.702601165771e+02
1.703597869873e+02
1.70459487915e+02
1.705590362549e+02
1.706588439941e+02
1.707585449219e+02
1.708582000732e+02
1.709578552246e+02
1.710575408936e+02
1.711573181152e+02
1.712569274902e+02
1.713567047119e+02
1.7145652771e+02
1.715561218262e+02
1.716557006836e+02
1.717553710938e+02
1.718552093506e+02
1.719548950195e+02
1.720545959473e+02
1.721542053223e+02
1.722538909912e+02
1.723536987305e+02
1.724533843994e+02
1.72553024292e+02
1.726527404785e+02
1.727524871826e+02
1.728521270752e+02
1.729518585205e+02
1.730515136719e+02
1.731514129639e+02
1.732509613037e+02
1.733506774902e+02
1.73450378418e+02
1.735500793457e+02
1.736497344971e+02
1.737494659424e+02
1.738491821289e+02
1.739489593506e+02
1.740485839844e+02
1.741482543945e+02
1.742480926514e+02
1.7434765625e+02
1.744473419189e+02
1.745470275879e+02
1.746467285156e+02
1.747464599609e+02
1.748461151123e+02
1.749458618164e+02
1.750455474854e+02
1.751451721191e+02
1.752449188232e+02
1.753446960449e+02
1.754442596436e+02
1.755440368652e+02
1.75643661499e+02
1.757433624268e+02
1.758430328369e+02
1.759429168701e+02
1.760424346924e+02
1.76142074585e+02
1.762410888672e+02
1.763407745361e+02
1.764404144287e+02
1.765401916504e+02
1.766386566162e+02
1.767383728027e+02
1.768379516602e+02
1.76937713623e+02
1.770373077393e+02
1.771371307373e+02
1.772367095947e+02
1.773364868164e+02
1.774369506836e+02
1.775367431641e+02
1.776363372803e+02
1.77736114502e+02
1.778358612061e+02
1.779355010986e+02
1.780353088379e+02
1.781348876953e+02
1.78234664917e+02
1.783343200684e+02
1.784340209961e+02
1.785337371826e+02
1.786333618164e+02
1.787330474854e+02
1.788327789307e+02
1.78932510376e+02
1.790321044922e+02
1.791317901611e+02
1.792314147949e+02
1.793311767578e+02
1.794309539795e+02
1.795306091309e+02
1.796303863525e+02
1.797299804687e+02
1.798297271729e+02
1.799294281006e+02
1.800289916992e+02
1.801286773682e+02
1.802283630371e+02
1.803281555176e+02
1.804278717041e+02
1.805275115967e+02
1.806273956299e+02
1.807269287109e+02
1.808265533447e+02
1.809263000488e+02
1.810260009766e+02
1.81125579834e+02
1.81225402832e+02
1.813250427246e+02
1.814246826172e+02
1.81524307251e+02
1.816240844727e+02
1.81723815918e+02
1.818235321045e+02
1.819232330322e+02
1.820228729248e+02
1.821225738525e+02
1.822221679687e+02
1.823218841553e+02
1.824216461182e+02
1.825213012695e+02
1.826211242676e+02
1.827207183838e+02
1.82819519043e+02
1.829191589355e+02
1.830187835693e+02
1.831195220947e+02
1.832182922363e+02
1.833179626465e+02
1.834189147949e+02
1.83517288208e+02
1.836168823242e+02
1.837186889648e+02
1.838184661865e+02
1.839183044434e+02
1.84017791748e+02
1.841175689697e+02
1.842172546387e+02
1.843169708252e+02
1.844166717529e+02
1.845163269043e+02
1.846160430908e+02
1.847157592773e+02
1.84815536499e+02
1.849151763916e+02
1.850148468018e+02
1.851145629883e+02
1.85214263916e+02
1.85313873291e+02
1.854136657715e+02
1.855132598877e+02
1.856130218506e+02
1.857127685547e+02
1.858123474121e+02
1.859099731445e+02
1.860096588135e+02
1.861094055176e+02
1.862091369629e+02
1.863087768555e+02
1.864085083008e+02
1.865084075928e+02
1.86607925415e+02
1.867075958252e+02
1.868072509766e+02
1.869082489014e+02
1.870079803467e+02
1.871076965332e+02
1.872073974609e+02
1.873069915771e+02
1.874066925049e+02
1.875064544678e+02
1.87607421875e+02
1.877069244385e+02
1.878067932129e+02
1.879064331055e+02
1.880060119629e+02
1.881046142578e+02
1.882042999268e+02
1.883040008545e+02
1.884036102295e+02
1.885039215088e+02
1.886056976318e+02
1.887053527832e+02
1.888047637939e+02
1.889022216797e+02
1.890020141602e+02
1.891026611328e+02
1.892023925781e+02
1.893008880615e+02
1.894005584717e+02
1.89500289917e+02
1.895999908447e+02
1.896996612549e+02
1.897995300293e+02
1.898991088867e+02
1.90000289917e+02
1.900991516113e+02
1.901994171143e+02
1.90299118042e+02
1.903988189697e+02
1.904984893799e+02
1.9059815979e+02
1.906979370117e+02
1.907975616455e+02
1.908972167969e+02
1.90996673584e+02
1.91096206665e+02
1.91195892334e+02
1.912938690186e+02
1.913939208984e+02
1.914937896729e+02
1.915924377441e+02
1.916932220459e+02
1.917930145264e+02
1.918927154541e+02
1.919925231934e+02
1.920922393799e+02
1.921919250488e+02
1.922916717529e+02
1.923913116455e+02
1.924909973145e+02
1.92590713501e+02
1.926903991699e+02
1.927900238037e+02
1.928897857666e+02
1.929894714355e+02
1.930876922607e+02
1.931884002686e+02
1.932871246338e+02
1.933878936768e+02
1.93486618042e+02
1.935862731934e+02
1.936859741211e+02
1.937857971191e+02
1.938854522705e+02
1.939859466553e+02
1.940848083496e+02
1.941854095459e+02
1.942841949463e+02
1.943838348389e+02
1.944835205078e+02
1.945832519531e+02
1.946849212646e+02
1.947826385498e+02
1.948832397461e+02
1.949820251465e+02
1.950816650391e+02
1.951812896729e+02
1.952811126709e+02
1.953828582764e+02
1.954825134277e+02
1.955822296143e+02
1.956818847656e+02
1.957816162109e+02
1.958812713623e+02
1.959810028076e+02
1.960807037354e+02
1.961804046631e+02
1.962800445557e+02
1.963779754639e+02
1.964787750244e+02
1.965785064697e+02
1.966782073975e+02
1.967778167725e+02
1.968775939941e+02
1.969772491455e+02
1.970770568848e+02
1.971766967773e+02
1.972764282227e+02
1.973748321533e+02
1.974745483398e+02
1.975743255615e+02
1.976740264893e+02
1.977736358643e+02
1.978732299805e+02
1.979730224609e+02
1.980726013184e+02
1.981724700928e+02
1.982721710205e+02
1.983717803955e+02
1.984713897705e+02
1.985713195801e+02
1.986709442139e+02
1.987705993652e+02
1.988701782227e+02
1.989698944092e+02
1.990709228516e+02
1.991707000732e+02
1.992704315186e+02
1.993701477051e+02
1.994697875977e+02
1.995694580078e+02
1.996692047119e+02
1.997688293457e+02
1.998685302734e+02
1.999683074951e+02
2.000679016113e+02
2.001676940918e+02
2.002677001953e+02
2.003671112061e+02
2.00466796875e+02
2.005664978027e+02
2.006662139893e+02
2.00765838623e+02
2.008655395508e+02
2.009652709961e+02
2.010649108887e+02
2.011646575928e+02
2.012643890381e+02
2.013640899658e+02
2.014637908936e+02
2.015634002686e+02
2.01663192749e+02
2.017628631592e+02
2.01862487793e+02
2.019618682861e+02
2.020606384277e+02
2.021602630615e+02
2.022600097656e+02
2.023597564697e+02
2.024593811035e+02
2.025590362549e+02
2.02658782959e+02
2.027585601807e+02
2.028582000732e+02
2.029579315186e+02
2.030574951172e+02
2.031571502686e+02
2.032569122314e+02
2.033566589355e+02
2.034562530518e+02
2.035559387207e+02
2.036556396484e+02
2.037554473877e+02
2.038550415039e+02
2.039547729492e+02
2.04055480957e+02
2.041552124023e+02
2.042548675537e+02
2.043545532227e+02
2.04454284668e+02
2.045539245605e+02
2.046536712646e+02
2.047533111572e+02
2.048529052734e+02
2.049525909424e+02
2.050523986816e+02
2.051520385742e+02
2.052520599365e+02
2.053517303467e+02
2.054512023926e+02
2.055507507324e+02
2.056504058838e+02
2.057502441406e+02
2.05850982666e+02
2.059506225586e+02
2.060503082275e+02
2.061500244141e+02
2.062496490479e+02
2.063494720459e+02
2.064491729736e+02
2.065487823486e+02
2.066485137939e+02
2.067481689453e+02
2.06847869873e+02
2.06947555542e+02
2.070473175049e+02
2.071470184326e+02
2.072467346191e+02
2.073464202881e+02
2.07446105957e+02
2.07545791626e+02
2.076454620361e+02
2.077450714111e+02
2.078448028564e+02
2.079444274902e+02
2.080422058105e+02
2.081419219971e+02
2.082416381836e+02
2.08341217041e+02
2.084409179687e+02
2.085405426025e+02
2.086413116455e+02
2.087400817871e+02
2.088397521973e+02
2.089393310547e+02
2.090390319824e+02
2.091387176514e+02
2.092385406494e+02
2.093381195068e+02
2.094378356934e+02
2.095375671387e+02
2.096372070312e+02
2.097369232178e+02
2.098365631104e+02
2.099362945557e+02
2.100360107422e+02
2.101357269287e+02
2.102354278564e+02
2.103351135254e+02
2.10434753418e+02
2.105346069336e+02
2.106341552734e+02
2.107348632813e+02
2.108346252441e+02
2.109342498779e+02
2.110339508057e+02
2.11133605957e+02
2.112333831787e+02
2.113333282471e+02
2.114336700439e+02
2.115338439941e+02
2.116338195801e+02
2.117332000732e+02
2.11833190918e+02
2.119315032959e+02
2.120312042236e+02
2.121318664551e+02
2.122304840088e+02
2.123302154541e+02
2.124299316406e+02
2.125295715332e+02
2.126293182373e+02
2.127301940918e+02
2.128286590576e+02
2.129283905029e+02
2.130280151367e+02
2.131278381348e+02
2.132274627686e+02
2.133271331787e+02
2.134268493652e+02
2.13526550293e+02
2.136264038086e+02
2.137257537842e+02
2.138253326416e+02
2.139251251221e+02
2.140248565674e+02
2.141245117188e+02
2.142244262695e+02
2.14323928833e+02
2.144235687256e+02
2.14523147583e+02
2.146230010986e+02
2.147226715088e+02
2.148223724365e+02
2.149221038818e+02
2.150215911865e+02
2.151214904785e+02
2.15220993042e+02
2.153196258545e+02
2.154211273193e+02
2.15520904541e+02
2.156207580566e+02
2.157205047607e+02
2.158202972412e+02
2.159199829102e+02
2.160196838379e+02
2.16119354248e+02
2.16219039917e+02
2.163186950684e+02
2.164184112549e+02
2.165180511475e+02
2.166177825928e+02
2.1671745